time	-I(Ls1)	-I(Ls2)
0.000000000000000e+000	-0.000000e+000	-0.000000e+000
1.170285695298015e-014	9.073044e-008	-9.073044e-008
2.340571390596030e-014	1.827705e-007	-1.827705e-007
3.510857085894045e-014	2.761200e-007	-2.761200e-007
4.681142781192060e-014	3.707792e-007	-3.707792e-007
5.851428476490076e-014	4.667479e-007	-4.667479e-007
7.021714171788090e-014	5.640262e-007	-5.640262e-007
8.191999867086103e-014	6.626141e-007	-6.626141e-007
1.638399973417221e-013	1.389396e-006	-1.389396e-006
3.276799946834441e-013	3.035377e-006	-3.035377e-006
6.553599893668882e-013	7.095802e-006	-7.095802e-006
1.310719978733776e-012	1.789271e-005	-1.789271e-005
2.310719978733776e-012	4.001254e-005	-4.001254e-005
3.310719978733776e-012	6.899757e-005	-6.899757e-005
4.310719978733776e-012	1.054179e-004	-1.054179e-004
5.310719978733776e-012	1.491718e-004	-1.491718e-004
6.310719978733775e-012	2.001420e-004	-2.001420e-004
7.310719978733775e-012	2.581960e-004	-2.581960e-004
8.310719978733775e-012	3.231861e-004	-3.231861e-004
9.310719978733775e-012	3.949503e-004	-3.949503e-004
1.031071997873377e-011	4.733120e-004	-4.733120e-004
1.131071997873377e-011	5.580809e-004	-5.580809e-004
1.231071997873377e-011	6.490531e-004	-6.490531e-004
1.331071997873377e-011	7.460118e-004	-7.460117e-004
1.431071997873377e-011	8.487275e-004	-8.487274e-004
1.531071997873377e-011	9.569586e-004	-9.569583e-004
1.631071997873377e-011	1.070452e-003	-1.070452e-003
1.731071997873377e-011	1.188943e-003	-1.188943e-003
1.831071997873377e-011	1.312158e-003	-1.312157e-003
1.931071997873377e-011	1.439812e-003	-1.439810e-003
2.031071997873377e-011	1.571610e-003	-1.571608e-003
2.131071997873377e-011	1.707250e-003	-1.707247e-003
2.231071997873377e-011	1.846421e-003	-1.846417e-003
2.331071997873377e-011	1.988805e-003	-1.988799e-003
2.431071997873377e-011	2.134077e-003	-2.134067e-003
2.531071997873377e-011	2.281905e-003	-2.281892e-003
2.631071997873377e-011	2.431953e-003	-2.431934e-003
2.731071997873377e-011	2.583880e-003	-2.583853e-003
2.831071997873377e-011	2.737340e-003	-2.737302e-003
2.931071997873377e-011	2.891985e-003	-2.891931e-003
3.031071997873377e-011	3.047466e-003	-3.047389e-003
3.131071997873378e-011	3.203431e-003	-3.203320e-003
3.231071997873378e-011	3.359532e-003	-3.359369e-003
3.331071997873378e-011	3.515421e-003	-3.515179e-003
3.431071997873379e-011	3.670760e-003	-3.670395e-003
3.531071997873379e-011	3.825224e-003	-3.824661e-003
3.631071997873379e-011	3.978507e-003	-3.977624e-003
3.731071997873379e-011	4.130348e-003	-4.128936e-003
3.831071997873380e-011	4.280569e-003	-4.278251e-003
3.931071997873380e-011	4.429137e-003	-4.425234e-003
4.031071997873380e-011	4.576198e-003	-4.569559e-003
4.131071997873381e-011	4.722162e-003	-4.710916e-003
4.231071997873381e-011	4.867756e-003	-4.849016e-003
4.331071997873381e-011	5.013970e-003	-4.983589e-003
4.431071997873382e-011	5.161886e-003	-5.114392e-003
4.531071997873382e-011	5.312427e-003	-5.241201e-003
4.631071997873382e-011	5.466247e-003	-5.363806e-003
4.731071997873382e-011	5.623768e-003	-5.482013e-003
4.831071997873383e-011	5.785170e-003	-5.595637e-003
4.931071997873383e-011	5.950422e-003	-5.704502e-003
5.031071997873383e-011	6.119404e-003	-5.808441e-003
5.131071997873384e-011	6.291955e-003	-5.907292e-003
5.231071997873384e-011	6.467895e-003	-6.000908e-003
5.331071997873384e-011	6.647035e-003	-6.089143e-003
5.431071997873385e-011	6.829183e-003	-6.171866e-003
5.531071997873385e-011	7.014143e-003	-6.248951e-003
5.631071997873385e-011	7.201721e-003	-6.320282e-003
5.731071997873385e-011	7.391722e-003	-6.385752e-003
5.831071997873385e-011	7.583953e-003	-6.445264e-003
5.931071997873385e-011	7.778221e-003	-6.498730e-003
6.031071997873384e-011	7.974334e-003	-6.546070e-003
6.231071997873384e-011	8.371335e-003	-6.622103e-003
6.431071997873383e-011	8.773442e-003	-6.672917e-003
6.631071997873382e-011	9.179169e-003	-6.698218e-003
6.831071997873382e-011	9.587052e-003	-6.697858e-003
7.131071997873381e-011	1.019979e-002	-6.649243e-003
7.431071997873380e-011	1.080944e-002	-6.543527e-003
7.731071997873379e-011	1.141149e-002	-6.382011e-003
8.031071997873378e-011	1.200161e-002	-6.166649e-003
8.331071997873377e-011	1.257570e-002	-5.900008e-003
8.631071997873375e-011	1.312990e-002	-5.585205e-003
8.931071997873374e-011	1.366059e-002	-5.225849e-003
9.173929140730516e-011	1.407403e-002	-4.898643e-003
9.416786283587658e-011	1.446476e-002	-4.553544e-003
9.659643426444801e-011	1.483278e-002	-4.190552e-003
9.902500569301943e-011	1.517809e-002	-3.809667e-003
1.014535771215908e-010	1.550069e-002	-3.410890e-003
1.038821485501623e-010	1.580059e-002	-2.994220e-003
1.063107199787337e-010	1.607778e-002	-2.559658e-003
1.078821485501623e-010	1.624145e-002	-2.276220e-003
1.094535771215908e-010	1.639331e-002	-1.991675e-003
1.110250056930194e-010	1.653333e-002	-1.706022e-003
1.125964342644480e-010	1.666153e-002	-1.419262e-003
1.141678628358765e-010	1.677791e-002	-1.131395e-003
1.157392914073051e-010	1.688245e-002	-8.424202e-004
1.173107199787337e-010	1.697517e-002	-5.523383e-004
1.193107199787337e-010	1.707484e-002	-1.872306e-004
1.203107199787337e-010	1.711713e-002	-5.841354e-006
1.213107199787337e-010	1.715436e-002	1.745628e-004
1.233107199787336e-010	1.721358e-002	5.318134e-004
1.263107199787336e-010	1.726412e-002	1.056645e-003
1.293107199787336e-010	1.726855e-002	1.565028e-003
1.323107199787336e-010	1.722684e-002	2.053721e-003
1.338821485501622e-010	1.718647e-002	2.301568e-003
1.354535771215907e-010	1.713366e-002	2.542148e-003
1.370250056930193e-010	1.706842e-002	2.775461e-003
1.385964342644479e-010	1.699074e-002	3.001506e-003
1.401678628358764e-010	1.690062e-002	3.220283e-003
1.417392914073050e-010	1.679808e-002	3.431793e-003
1.433107199787336e-010	1.668309e-002	3.636036e-003
1.457392914073050e-010	1.648066e-002	3.934933e-003
1.481678628358764e-010	1.625066e-002	4.214081e-003
1.505964342644478e-010	1.599311e-002	4.473481e-003
1.530250056930193e-010	1.570801e-002	4.713132e-003
1.554535771215907e-010	1.539535e-002	4.933034e-003
1.578821485501621e-010	1.505513e-002	5.133188e-003
1.603107199787335e-010	1.468736e-002	5.313593e-003
1.624535771215907e-010	1.434146e-002	5.456037e-003
1.645964342644478e-010	1.397681e-002	5.585723e-003
1.667392914073049e-010	1.359342e-002	5.702652e-003
1.688821485501621e-010	1.319128e-002	5.806824e-003
1.710250056930192e-010	1.277039e-002	5.898239e-003
1.731678628358763e-010	1.233075e-002	5.976896e-003
1.753107199787335e-010	1.187237e-002	6.042796e-003
1.763107199787335e-010	1.165297e-002	6.070665e-003
1.773107199787335e-010	1.142984e-002	6.096337e-003
1.783107199787335e-010	1.120303e-002	6.119888e-003
1.793107199787335e-010	1.097257e-002	6.141393e-003
1.803107199787334e-010	1.073852e-002	6.160931e-003
1.813107199787334e-010	1.050092e-002	6.178576e-003
1.823107199787334e-010	1.025981e-002	6.194409e-003
1.843107199787334e-010	9.767262e-003	6.220941e-003
1.853107199787334e-010	9.515915e-003	6.231796e-003
1.863107199787334e-010	9.261249e-003	6.241143e-003
1.873107199787334e-010	9.003314e-003	6.249060e-003
1.883107199787334e-010	8.742160e-003	6.255622e-003
1.893107199787334e-010	8.477837e-003	6.260900e-003
1.903107199787334e-010	8.210396e-003	6.264970e-003
1.913107199787334e-010	7.939890e-003	6.267902e-003
1.923107199787334e-010	7.666374e-003	6.269766e-003
1.933107199787334e-010	7.389901e-003	6.270632e-003
1.943107199787334e-010	7.110528e-003	6.270565e-003
1.953107199787334e-010	6.828313e-003	6.269632e-003
1.963107199787334e-010	6.543316e-003	6.267895e-003
1.973107199787334e-010	6.255599e-003	6.265417e-003
1.983107199787334e-010	5.965224e-003	6.262257e-003
1.993107199787334e-010	5.672257e-003	6.258471e-003
2.003107199787334e-010	5.376767e-003	6.254114e-003
2.013107199787334e-010	5.078825e-003	6.249240e-003
2.023107199787334e-010	4.778504e-003	6.243896e-003
2.033107199787334e-010	4.475883e-003	6.238131e-003
2.043107199787334e-010	4.171042e-003	6.231990e-003
2.053107199787334e-010	3.864068e-003	6.225513e-003
2.063107199787334e-010	3.555050e-003	6.218739e-003
2.073107199787334e-010	3.244086e-003	6.211705e-003
2.083107199787334e-010	2.931277e-003	6.204442e-003
2.093107199787333e-010	2.616734e-003	6.196980e-003
2.103107199787333e-010	2.300573e-003	6.189345e-003
2.113107199787333e-010	1.982923e-003	6.181559e-003
2.123107199787333e-010	1.663921e-003	6.173641e-003
2.133107199787333e-010	1.343718e-003	6.165607e-003
2.143107199787333e-010	1.022478e-003	6.157467e-003
2.153107199787333e-010	7.003815e-004	6.149229e-003
2.163107199787333e-010	3.776280e-004	6.140896e-003
2.173107199787333e-010	5.443763e-005	6.132467e-003
2.183107199787333e-010	-2.689457e-004	6.123935e-003
2.193107199787333e-010	-5.922516e-004	6.115292e-003
2.203107199787333e-010	-9.151811e-004	6.106522e-003
2.213107199787333e-010	-1.237404e-003	6.097610e-003
2.223107199787333e-010	-1.558545e-003	6.088542e-003
2.233107199787333e-010	-1.878188e-003	6.079319e-003
2.243107199787333e-010	-2.195909e-003	6.069975e-003
2.253107199787333e-010	-2.511263e-003	6.060625e-003
2.263107199787333e-010	-2.823783e-003	6.051566e-003
2.273107199787333e-010	-3.132990e-003	6.043425e-003
2.283107199787333e-010	-3.438407e-003	6.037331e-003
2.293107199787333e-010	-3.739575e-003	6.034954e-003
2.303107199787333e-010	-4.036060e-003	6.038245e-003
2.313107199787333e-010	-4.327447e-003	6.048958e-003
2.323107199787333e-010	-4.613342e-003	6.068265e-003
2.333107199787333e-010	-4.893363e-003	6.096708e-003
2.343107199787333e-010	-5.167142e-003	6.134398e-003
2.353107199787333e-010	-5.434316e-003	6.181230e-003
2.363107199787333e-010	-5.694537e-003	6.236990e-003
2.373107199787333e-010	-5.947471e-003	6.301410e-003
2.383107199787333e-010	-6.192797e-003	6.374209e-003
2.393107199787333e-010	-6.430207e-003	6.455092e-003
2.403107199787333e-010	-6.659408e-003	6.543765e-003
2.413107199787333e-010	-6.880121e-003	6.639931e-003
2.423107199787333e-010	-7.092085e-003	6.743295e-003
2.433107199787333e-010	-7.295051e-003	6.853562e-003
2.443107199787333e-010	-7.488787e-003	6.970437e-003
2.453107199787332e-010	-7.673077e-003	7.093628e-003
2.463107199787332e-010	-7.847721e-003	7.222844e-003
2.473107199787332e-010	-8.012536e-003	7.357798e-003
2.483107199787332e-010	-8.167354e-003	7.498201e-003
2.493107199787332e-010	-8.312024e-003	7.643768e-003
2.503107199787332e-010	-8.446412e-003	7.794218e-003
2.513107199787332e-010	-8.570401e-003	7.949270e-003
2.523107199787332e-010	-8.683890e-003	8.108647e-003
2.533107199787332e-010	-8.786794e-003	8.272073e-003
2.543107199787332e-010	-8.879046e-003	8.439276e-003
2.553107199787332e-010	-8.960593e-003	8.609989e-003
2.563107199787332e-010	-9.031404e-003	8.783942e-003
2.573107199787332e-010	-9.091458e-003	8.960874e-003
2.583107199787332e-010	-9.140753e-003	9.140525e-003
2.593107199787332e-010	-9.179303e-003	9.322638e-003
2.603107199787332e-010	-9.207138e-003	9.506960e-003
2.613107199787332e-010	-9.224302e-003	9.693243e-003
2.623107199787332e-010	-9.230856e-003	9.881238e-003
2.633107199787332e-010	-9.226875e-003	1.007071e-002
2.643107199787332e-010	-9.212449e-003	1.026141e-002
2.653107199787332e-010	-9.187683e-003	1.045311e-002
2.663107199787332e-010	-9.152696e-003	1.064558e-002
2.673107199787332e-010	-9.107617e-003	1.083860e-002
2.693107199787332e-010	-8.987784e-003	1.122539e-002
2.713107199787332e-010	-8.829501e-003	1.161177e-002
2.733107199787332e-010	-8.634275e-003	1.199608e-002
2.763107199787331e-010	-8.275899e-003	1.256529e-002
2.793107199787331e-010	-7.844591e-003	1.312140e-002
2.823107199787331e-010	-7.347409e-003	1.365988e-002
2.853107199787331e-010	-6.791986e-003	1.417660e-002
2.883107199787331e-010	-6.186391e-003	1.466783e-002
2.913107199787331e-010	-5.539005e-003	1.513029e-002
2.943107199787331e-010	-4.858380e-003	1.556110e-002
2.973107199787331e-010	-4.153118e-003	1.595778e-002
3.003107199787331e-010	-3.431736e-003	1.631824e-002
3.017392914073045e-010	-3.082924e-003	1.647693e-002
3.031678628358759e-010	-2.735303e-003	1.662656e-002
3.045964342644473e-010	-2.388875e-003	1.676714e-002
3.060250056930188e-010	-2.043639e-003	1.689865e-002
3.074535771215902e-010	-1.699594e-003	1.702110e-002
3.088821485501616e-010	-1.356742e-003	1.713449e-002
3.103107199787330e-010	-1.015082e-003	1.723882e-002
3.123107199787330e-010	-5.462797e-004	1.736881e-002
3.133107199787330e-010	-3.153463e-004	1.742690e-002
3.143107199787330e-010	-8.702927e-005	1.748036e-002
3.153107199787330e-010	1.384532e-004	1.752919e-002
3.163107199787330e-010	3.608916e-004	1.757339e-002
3.173107199787330e-010	5.800847e-004	1.761295e-002
3.193107199787330e-010	1.007976e-003	1.767817e-002
3.213107199787330e-010	1.420699e-003	1.772488e-002
3.233107199787330e-010	1.816973e-003	1.775317e-002
3.253107199787330e-010	2.195673e-003	1.776312e-002
3.263107199787330e-010	2.378122e-003	1.776127e-002
3.283107199787330e-010	2.728683e-003	1.774399e-002
3.313107199787330e-010	3.217371e-003	1.768447e-002
3.343107199787329e-010	3.659892e-003	1.758521e-002
3.363107199787329e-010	3.928699e-003	1.749730e-002
3.383107199787329e-010	4.176365e-003	1.739227e-002
3.403107199787329e-010	4.401735e-003	1.726977e-002
3.423107199787329e-010	4.607183e-003	1.713118e-002
3.443107199787329e-010	4.792710e-003	1.697652e-002
3.463107199787329e-010	4.958314e-003	1.680577e-002
3.483107199787329e-010	5.103997e-003	1.661894e-002
3.503107199787329e-010	5.229758e-003	1.641603e-002
3.523107199787329e-010	5.335596e-003	1.619704e-002
3.553107199787329e-010	5.463814e-003	1.584077e-002
3.573107199787329e-010	5.528863e-003	1.558447e-002
3.593107199787329e-010	5.578741e-003	1.531335e-002
3.603107199787329e-010	5.598324e-003	1.517229e-002
3.613107199787328e-010	5.614521e-003	1.502759e-002
3.623107199787328e-010	5.627471e-003	1.487928e-002
3.633107199787328e-010	5.637321e-003	1.472737e-002
3.643107199787328e-010	5.644213e-003	1.457189e-002
3.653107199787328e-010	5.648297e-003	1.441285e-002
3.663107199787328e-010	5.649721e-003	1.425026e-002
3.673107199787328e-010	5.648636e-003	1.408416e-002
3.683107199787328e-010	5.645191e-003	1.391455e-002
3.693107199787328e-010	5.639537e-003	1.374146e-002
3.703107199787328e-010	5.631827e-003	1.356489e-002
3.713107199787328e-010	5.622212e-003	1.338487e-002
3.723107199787328e-010	5.610841e-003	1.320141e-002
3.733107199787328e-010	5.597867e-003	1.301453e-002
3.743107199787328e-010	5.583436e-003	1.282423e-002
3.753107199787328e-010	5.567697e-003	1.263054e-002
3.763107199787328e-010	5.550797e-003	1.243347e-002
3.773107199787328e-010	5.532880e-003	1.223304e-002
3.783107199787328e-010	5.514089e-003	1.202925e-002
3.793107199787328e-010	5.494563e-003	1.182212e-002
3.803107199787328e-010	5.474440e-003	1.161167e-002
3.813107199787328e-010	5.453855e-003	1.139790e-002
3.823107199787328e-010	5.432941e-003	1.118085e-002
3.833107199787328e-010	5.411824e-003	1.096050e-002
3.843107199787328e-010	5.390632e-003	1.073690e-002
3.853107199787328e-010	5.369484e-003	1.051004e-002
3.863107199787328e-010	5.348499e-003	1.027994e-002
3.873107199787328e-010	5.327791e-003	1.004663e-002
3.883107199787328e-010	5.307469e-003	9.810111e-003
3.893107199787328e-010	5.287638e-003	9.570408e-003
3.903107199787327e-010	5.268401e-003	9.327537e-003
3.913107199787327e-010	5.249850e-003	9.081519e-003
3.923107199787327e-010	5.232081e-003	8.832375e-003
3.933107199787327e-010	5.215177e-003	8.580123e-003
3.943107199787327e-010	5.199221e-003	8.324789e-003
3.953107199787327e-010	5.184290e-003	8.066395e-003
3.963107199787327e-010	5.170454e-003	7.804969e-003
3.973107199787327e-010	5.157781e-003	7.540536e-003
3.983107199787327e-010	5.146330e-003	7.273125e-003
3.993107199787327e-010	5.136156e-003	7.002768e-003
4.003107199787327e-010	5.127311e-003	6.729499e-003
4.013107199787327e-010	5.119838e-003	6.453350e-003
4.023107199787327e-010	5.113776e-003	6.174361e-003
4.033107199787327e-010	5.109158e-003	5.892573e-003
4.043107199787327e-010	5.106013e-003	5.608030e-003
4.053107199787327e-010	5.104363e-003	5.320776e-003
4.063107199787327e-010	5.104224e-003	5.030863e-003
4.073107199787327e-010	5.105608e-003	4.738345e-003
4.083107199787327e-010	5.108519e-003	4.443279e-003
4.093107199787327e-010	5.112958e-003	4.145730e-003
4.103107199787327e-010	5.118920e-003	3.845765e-003
4.113107199787327e-010	5.126394e-003	3.543458e-003
4.123107199787327e-010	5.135362e-003	3.238889e-003
4.133107199787327e-010	5.145804e-003	2.932145e-003
4.143107199787327e-010	5.157690e-003	2.623321e-003
4.153107199787327e-010	5.170990e-003	2.312523e-003
4.163107199787327e-010	5.185665e-003	1.999863e-003
4.173107199787327e-010	5.201670e-003	1.685468e-003
4.183107199787327e-010	5.218958e-003	1.369477e-003
4.193107199787326e-010	5.237473e-003	1.052043e-003
4.203107199787326e-010	5.257156e-003	7.333381e-004
4.213107199787326e-010	5.277942e-003	4.135513e-004
4.223107199787326e-010	5.299760e-003	9.289438e-005
4.233107199787326e-010	5.322534e-003	-2.283967e-004
4.243107199787326e-010	5.346181e-003	-5.500591e-004
4.253107199787326e-010	5.370615e-003	-8.718001e-004
4.263107199787326e-010	5.395743e-003	-1.193295e-003
4.273107199787326e-010	5.421467e-003	-1.514187e-003
4.283107199787326e-010	5.447687e-003	-1.834083e-003
4.293107199787326e-010	5.474303e-003	-2.152557e-003
4.303107199787326e-010	5.501225e-003	-2.469155e-003
4.313107199787326e-010	5.528385e-003	-2.783393e-003
4.323107199787326e-010	5.555773e-003	-3.094768e-003
4.333107199787326e-010	5.583545e-003	-3.402759e-003
4.343107199787326e-010	5.612143e-003	-3.706841e-003
4.353107199787326e-010	5.642382e-003	-4.006512e-003
4.363107199787326e-010	5.675524e-003	-4.301292e-003
4.373107199787326e-010	5.713180e-003	-4.590731e-003
4.383107199787326e-010	5.756954e-003	-4.874405e-003
4.393107199787326e-010	5.808048e-003	-5.151917e-003
4.403107199787326e-010	5.867141e-003	-5.422890e-003
4.413107199787326e-010	5.934523e-003	-5.686961e-003
4.423107199787326e-010	6.010193e-003	-5.943783e-003
4.433107199787326e-010	6.093964e-003	-6.193022e-003
4.443107199787326e-010	6.185582e-003	-6.434359e-003
4.453107199787326e-010	6.284776e-003	-6.667489e-003
4.463107199787326e-010	6.391259e-003	-6.892124e-003
4.473107199787326e-010	6.504741e-003	-7.107989e-003
4.483107199787325e-010	6.624931e-003	-7.314826e-003
4.493107199787325e-010	6.751538e-003	-7.512392e-003
4.503107199787325e-010	6.884272e-003	-7.700461e-003
4.513107199787325e-010	7.022842e-003	-7.878823e-003
4.523107199787325e-010	7.166962e-003	-8.047285e-003
4.533107199787325e-010	7.316347e-003	-8.205670e-003
4.543107199787325e-010	7.470713e-003	-8.353818e-003
4.553107199787325e-010	7.629778e-003	-8.491587e-003
4.563107199787325e-010	7.793264e-003	-8.618850e-003
4.573107199787325e-010	7.960895e-003	-8.735499e-003
4.583107199787325e-010	8.132396e-003	-8.841442e-003
4.593107199787325e-010	8.307496e-003	-8.936604e-003
4.603107199787325e-010	8.485926e-003	-9.020926e-003
4.613107199787325e-010	8.667421e-003	-9.094370e-003
4.623107199787325e-010	8.851718e-003	-9.156907e-003
4.633107199787325e-010	9.038558e-003	-9.208533e-003
4.643107199787325e-010	9.227686e-003	-9.249255e-003
4.653107199787325e-010	9.418847e-003	-9.279098e-003
4.663107199787325e-010	9.611793e-003	-9.298101e-003
4.673107199787325e-010	9.806277e-003	-9.306323e-003
4.683107199787325e-010	1.000206e-002	-9.303832e-003
4.693107199787325e-010	1.019890e-002	-9.290718e-003
4.703107199787325e-010	1.039657e-002	-9.267082e-003
4.713107199787325e-010	1.059483e-002	-9.233039e-003
4.723107199787325e-010	1.079347e-002	-9.188719e-003
4.733107199787325e-010	1.099225e-002	-9.134267e-003
4.753107199787325e-010	1.138940e-002	-8.995605e-003
4.773107199787324e-010	1.178461e-002	-8.818461e-003
4.803107199787324e-010	1.237027e-002	-8.484138e-003
4.833107199787324e-010	1.294288e-002	-8.072998e-003
4.863107199787324e-010	1.349774e-002	-7.591937e-003
4.893107199787324e-010	1.403058e-002	-7.048494e-003
4.923107199787324e-010	1.453757e-002	-6.450716e-003
4.953107199787324e-010	1.501529e-002	-5.807025e-003
4.983107199787324e-010	1.546073e-002	-5.126077e-003
5.013107199787324e-010	1.587132e-002	-4.416634e-003
5.043107199787324e-010	1.624487e-002	-3.687432e-003
5.073107199787323e-010	1.657959e-002	-2.947056e-003
5.085964342644466e-010	1.671094e-002	-2.626916e-003
5.098821485501609e-010	1.683463e-002	-2.308397e-003
5.111678628358752e-010	1.695066e-002	-1.991499e-003
5.124535771215895e-010	1.705902e-002	-1.676223e-003
5.137392914073038e-010	1.715971e-002	-1.362568e-003
5.150250056930180e-010	1.725274e-002	-1.050535e-003
5.163107199787323e-010	1.733810e-002	-7.401226e-004
5.173107199787323e-010	1.739898e-002	-5.022728e-004
5.183107199787323e-010	1.745511e-002	-2.668346e-004
5.193107199787323e-010	1.750649e-002	-3.404114e-005
5.203107199787323e-010	1.755311e-002	1.958828e-004
5.213107199787323e-010	1.759497e-002	4.227209e-004
5.223107199787323e-010	1.763208e-002	6.462657e-004
5.243107199787323e-010	1.769203e-002	1.082691e-003
5.263107199787323e-010	1.773303e-002	1.503682e-003
5.283107199787323e-010	1.775517e-002	1.907911e-003
5.303107199787323e-010	1.775858e-002	2.294210e-003
5.323107199787323e-010	1.774342e-002	2.661563e-003
5.353107199787322e-010	1.768627e-002	3.175244e-003
5.383107199787322e-010	1.758846e-002	3.642198e-003
5.403107199787322e-010	1.750104e-002	3.926808e-003
5.423107199787322e-010	1.739615e-002	4.189774e-003
5.443107199787322e-010	1.727338e-002	4.430016e-003
5.463107199787322e-010	1.713430e-002	4.649489e-003
5.483107199787322e-010	1.697891e-002	4.848193e-003
5.503107199787322e-010	1.680720e-002	5.026129e-003
5.523107199787322e-010	1.661918e-002	5.183296e-003
5.543107199787322e-010	1.641484e-002	5.319695e-003
5.563107199787322e-010	1.619419e-002	5.435324e-003
5.593107199787322e-010	1.583530e-002	5.576080e-003
5.613107199787322e-010	1.557713e-002	5.648160e-003
5.633107199787322e-010	1.530409e-002	5.703987e-003
5.643107199787321e-010	1.516205e-002	5.726134e-003
5.653107199787321e-010	1.501638e-002	5.744621e-003
5.663107199787321e-010	1.486708e-002	5.759588e-003
5.673107199787321e-010	1.471419e-002	5.771179e-003
5.683107199787321e-010	1.455773e-002	5.779542e-003
5.693107199787321e-010	1.439772e-002	5.784825e-003
5.703107199787321e-010	1.423418e-002	5.787179e-003
5.713107199787321e-010	1.406714e-002	5.786756e-003
5.723107199787321e-010	1.389660e-002	5.783709e-003
5.733107199787321e-010	1.372260e-002	5.778192e-003
5.743107199787321e-010	1.354516e-002	5.770362e-003
5.753107199787321e-010	1.336428e-002	5.760371e-003
5.763107199787321e-010	1.317999e-002	5.748377e-003
5.773107199787321e-010	1.299230e-002	5.734534e-003
5.783107199787321e-010	1.280124e-002	5.718995e-003
5.793107199787321e-010	1.260682e-002	5.701914e-003
5.803107199787321e-010	1.240906e-002	5.683444e-003
5.813107199787321e-010	1.220796e-002	5.663735e-003
5.823107199787321e-010	1.200356e-002	5.642935e-003
5.833107199787321e-010	1.179586e-002	5.621192e-003
5.843107199787321e-010	1.158488e-002	5.598649e-003
5.853107199787321e-010	1.137063e-002	5.575450e-003
5.863107199787321e-010	1.115314e-002	5.551733e-003
5.873107199787321e-010	1.093241e-002	5.527634e-003
5.883107199787321e-010	1.070847e-002	5.503288e-003
5.893107199787321e-010	1.048132e-002	5.478822e-003
5.903107199787321e-010	1.025100e-002	5.454364e-003
5.913107199787321e-010	1.001750e-002	5.430034e-003
5.923107199787321e-010	9.780856e-003	5.405953e-003
5.933107199787320e-010	9.541079e-003	5.382233e-003
5.943107199787320e-010	9.298191e-003	5.358984e-003
5.953107199787320e-010	9.052210e-003	5.336311e-003
5.963107199787320e-010	8.803155e-003	5.314314e-003
5.973107199787320e-010	8.551051e-003	5.293089e-003
5.983107199787320e-010	8.295919e-003	5.272727e-003
5.993107199787320e-010	8.037783e-003	5.253313e-003
6.003107199787320e-010	7.776668e-003	5.234927e-003
6.013107199787320e-010	7.512602e-003	5.217645e-003
6.023107199787320e-010	7.245612e-003	5.201536e-003
6.033107199787320e-010	6.975730e-003	5.186665e-003
6.043107199787320e-010	6.702988e-003	5.173091e-003
6.053107199787320e-010	6.427420e-003	5.160867e-003
6.063107199787320e-010	6.149063e-003	5.150041e-003
6.073107199787320e-010	5.867958e-003	5.140654e-003
6.083107199787320e-010	5.584146e-003	5.132743e-003
6.093107199787320e-010	5.297673e-003	5.126339e-003
6.103107199787320e-010	5.008588e-003	5.121468e-003
6.113107199787320e-010	4.716943e-003	5.118147e-003
6.123107199787320e-010	4.422797e-003	5.116392e-003
6.133107199787320e-010	4.126210e-003	5.116209e-003
6.143107199787320e-010	3.827248e-003	5.117601e-003
6.153107199787320e-010	3.525985e-003	5.120564e-003
6.163107199787320e-010	3.222498e-003	5.125090e-003
6.173107199787320e-010	2.916873e-003	5.131162e-003
6.183107199787320e-010	2.609203e-003	5.138761e-003
6.193107199787320e-010	2.299591e-003	5.147860e-003
6.203107199787320e-010	1.988149e-003	5.158428e-003
6.213107199787320e-010	1.675002e-003	5.170426e-003
6.223107199787319e-010	1.360285e-003	5.183813e-003
6.233107199787319e-010	1.044150e-003	5.198539e-003
6.243107199787319e-010	7.267670e-004	5.214549e-003
6.253107199787319e-010	4.083220e-004	5.231784e-003
6.263107199787319e-010	8.902460e-005	5.250177e-003
6.273107199787319e-010	-2.308920e-004	5.269657e-003
6.283107199787319e-010	-5.511676e-004	5.290146e-003
6.293107199787319e-010	-8.715126e-004	5.311562e-003
6.303107199787319e-010	-1.191606e-003	5.333814e-003
6.313107199787319e-010	-1.511093e-003	5.356810e-003
6.323107199787319e-010	-1.829585e-003	5.380454e-003
6.333107199787319e-010	-2.146661e-003	5.404653e-003
6.343107199787319e-010	-2.461869e-003	5.429322e-003
6.353107199787319e-010	-2.774732e-003	5.454408e-003
6.363107199787319e-010	-3.084743e-003	5.479949e-003
6.373107199787319e-010	-3.391383e-003	5.506156e-003
6.383107199787319e-010	-3.694144e-003	5.533503e-003
6.393107199787319e-010	-3.992536e-003	5.562855e-003
6.403107199787319e-010	-4.286084e-003	5.595525e-003
6.413107199787319e-010	-4.574344e-003	5.633104e-003
6.423107199787319e-010	-4.856898e-003	5.677106e-003
6.433107199787319e-010	-5.133349e-003	5.728618e-003
6.443107199787319e-010	-5.403324e-003	5.788221e-003
6.453107199787319e-010	-5.666460e-003	5.856141e-003
6.463107199787319e-010	-5.922412e-003	5.932346e-003
6.473107199787319e-010	-6.170845e-003	6.016639e-003
6.483107199787319e-010	-6.411441e-003	6.108767e-003
6.493107199787319e-010	-6.643896e-003	6.208457e-003
6.503107199787319e-010	-6.867922e-003	6.315424e-003
6.513107199787318e-010	-7.083244e-003	6.429379e-003
6.523107199787318e-010	-7.289604e-003	6.550030e-003
6.533107199787318e-010	-7.486759e-003	6.677089e-003
6.543107199787318e-010	-7.674482e-003	6.810265e-003
6.553107199787318e-010	-7.852564e-003	6.949271e-003
6.563107199787318e-010	-8.020810e-003	7.093820e-003
6.573107199787318e-010	-8.179043e-003	7.243628e-003
6.583107199787318e-010	-8.327104e-003	7.398412e-003
6.593107199787318e-010	-8.464848e-003	7.557892e-003
6.603107199787318e-010	-8.592148e-003	7.721790e-003
6.613107199787318e-010	-8.708896e-003	7.889831e-003
6.623107199787318e-010	-8.814998e-003	8.061742e-003
6.633107199787318e-010	-8.910378e-003	8.237252e-003
6.643107199787318e-010	-8.994976e-003	8.416093e-003
6.653107199787318e-010	-9.068752e-003	8.598002e-003
6.663107199787318e-010	-9.131677e-003	8.782715e-003
6.673107199787318e-010	-9.183745e-003	8.969975e-003
6.683107199787318e-010	-9.224960e-003	9.159525e-003
6.693107199787318e-010	-9.255347e-003	9.351115e-003
6.703107199787318e-010	-9.274944e-003	9.544495e-003
6.713107199787318e-010	-9.283806e-003	9.739421e-003
6.723107199787318e-010	-9.282003e-003	9.935652e-003
6.733107199787318e-010	-9.269620e-003	1.013295e-002
6.743107199787318e-010	-9.246756e-003	1.033108e-002
6.753107199787318e-010	-9.213526e-003	1.052982e-002
6.763107199787318e-010	-9.170057e-003	1.072894e-002
6.773107199787318e-010	-9.116491e-003	1.092821e-002
6.793107199787318e-010	-8.979704e-003	1.132638e-002
6.813107199787317e-010	-8.804554e-003	1.172264e-002
6.843107199787317e-010	-8.473411e-003	1.230998e-002
6.873107199787317e-010	-8.065626e-003	1.288436e-002
6.903107199787317e-010	-7.588035e-003	1.344111e-002
6.933107199787317e-010	-7.048122e-003	1.397596e-002
6.963107199787317e-010	-6.453875e-003	1.448506e-002
6.993107199787317e-010	-5.813663e-003	1.496499e-002
7.023107199787317e-010	-5.136091e-003	1.541275e-002
7.053107199787317e-010	-4.429874e-003	1.582574e-002
7.083107199787317e-010	-3.703704e-003	1.620177e-002
7.113107199787316e-010	-2.966127e-003	1.653904e-002
7.125964342644459e-010	-2.647112e-003	1.667151e-002
7.138821485501602e-010	-2.329661e-003	1.679632e-002
7.151678628358745e-010	-2.013775e-003	1.691348e-002
7.164535771215888e-010	-1.699455e-003	1.702298e-002
7.177392914073030e-010	-1.386700e-003	1.712482e-002
7.190250056930173e-010	-1.075509e-003	1.721900e-002
7.203107199787316e-010	-7.658843e-004	1.730552e-002
7.213107199787316e-010	-5.286008e-004	1.736730e-002
7.223107199787316e-010	-2.936910e-004	1.742433e-002
7.233107199787316e-010	-6.138786e-005	1.747661e-002
7.243107199787316e-010	1.680843e-004	1.752414e-002
7.253107199787316e-010	3.945095e-004	1.756690e-002
7.263107199787316e-010	6.176805e-004	1.760491e-002
7.283107199787316e-010	1.053476e-003	1.766667e-002
7.303107199787316e-010	1.473993e-003	1.770947e-002
7.323107199787316e-010	1.877907e-003	1.773339e-002
7.343107199787316e-010	2.264043e-003	1.773858e-002
7.353107199787316e-010	2.450121e-003	1.773419e-002
7.373107199787316e-010	2.807737e-003	1.771155e-002
7.403107199787315e-010	3.306419e-003	1.764333e-002
7.433107199787315e-010	3.758125e-003	1.753464e-002
7.443107199787315e-010	3.898028e-003	1.748955e-002
7.463107199787315e-010	4.161674e-003	1.738627e-002
7.483107199787315e-010	4.402735e-003	1.726509e-002
7.503107199787315e-010	4.623116e-003	1.712755e-002
7.523107199787315e-010	4.822816e-003	1.697365e-002
7.543107199787315e-010	5.001835e-003	1.680340e-002
7.563107199787315e-010	5.160173e-003	1.661679e-002
7.583107199787315e-010	5.297830e-003	1.641382e-002
7.603107199787315e-010	5.414806e-003	1.619450e-002
7.633107199787315e-010	5.557643e-003	1.583751e-002
7.653107199787315e-010	5.631163e-003	1.558055e-002
7.673107199787314e-010	5.688457e-003	1.530867e-002
7.683107199787314e-010	5.711346e-003	1.516719e-002
7.693107199787314e-010	5.730578e-003	1.502207e-002
7.703107199787314e-010	5.746292e-003	1.487331e-002
7.713107199787314e-010	5.758632e-003	1.472095e-002
7.723107199787314e-010	5.767744e-003	1.456500e-002
7.733107199787314e-010	5.773774e-003	1.440550e-002
7.743107199787314e-010	5.776873e-003	1.424246e-002
7.753107199787314e-010	5.777192e-003	1.407589e-002
7.763107199787314e-010	5.774882e-003	1.390583e-002
7.773107199787314e-010	5.770097e-003	1.373229e-002
7.783107199787314e-010	5.762992e-003	1.355529e-002
7.793107199787314e-010	5.753719e-003	1.337485e-002
7.803107199787314e-010	5.742434e-003	1.319099e-002
7.813107199787314e-010	5.729290e-003	1.300372e-002
7.823107199787314e-010	5.714440e-003	1.281307e-002
7.833107199787314e-010	5.698037e-003	1.261905e-002
7.843107199787314e-010	5.680233e-003	1.242167e-002
7.853107199787314e-010	5.661176e-003	1.222095e-002
7.863107199787314e-010	5.641014e-003	1.201691e-002
7.873107199787314e-010	5.619895e-003	1.180957e-002
7.883107199787314e-010	5.597961e-003	1.159894e-002
7.893107199787314e-010	5.575354e-003	1.138503e-002
7.903107199787314e-010	5.552214e-003	1.116787e-002
7.913107199787314e-010	5.528674e-003	1.094747e-002
7.923107199787314e-010	5.504868e-003	1.072383e-002
7.933107199787314e-010	5.480926e-003	1.049700e-002
7.943107199787314e-010	5.456972e-003	1.026696e-002
7.953107199787313e-010	5.433129e-003	1.003376e-002
7.963107199787313e-010	5.409513e-003	9.797391e-003
7.973107199787313e-010	5.386239e-003	9.557888e-003
7.983107199787313e-010	5.363416e-003	9.315265e-003
7.993107199787313e-010	5.341148e-003	9.069542e-003
8.003107199787313e-010	5.319536e-003	8.820740e-003
8.013107199787313e-010	5.298675e-003	8.568879e-003
8.023107199787313e-010	5.278656e-003	8.313986e-003
8.033107199787313e-010	5.259564e-003	8.056080e-003
8.043107199787313e-010	5.241479e-003	7.795190e-003
8.053107199787313e-010	5.224477e-003	7.531342e-003
8.063107199787313e-010	5.208626e-003	7.264565e-003
8.073107199787313e-010	5.193993e-003	6.994889e-003
8.083107199787313e-010	5.180635e-003	6.722347e-003
8.093107199787313e-010	5.168607e-003	6.446973e-003
8.103107199787313e-010	5.157955e-003	6.168805e-003
8.113107199787313e-010	5.148723e-003	5.887882e-003
8.123107199787313e-010	5.140946e-003	5.604248e-003
8.133107199787313e-010	5.134657e-003	5.317946e-003
8.143107199787313e-010	5.129880e-003	5.029027e-003
8.153107199787313e-010	5.126635e-003	4.737543e-003
8.163107199787313e-010	5.124935e-003	4.443551e-003
8.173107199787313e-010	5.124790e-003	4.147112e-003
8.183107199787313e-010	5.126201e-003	3.848293e-003
8.193107199787313e-010	5.129166e-003	3.547166e-003
8.203107199787313e-010	5.133676e-003	3.243809e-003
8.213107199787313e-010	5.139716e-003	2.938307e-003
8.223107199787313e-010	5.147267e-003	2.630753e-003
8.233107199787313e-010	5.156302e-003	2.321250e-003
8.243107199787312e-010	5.166791e-003	2.009908e-003
8.253107199787312e-010	5.178697e-003	1.696852e-003
8.263107199787312e-010	5.191977e-003	1.382217e-003
8.273107199787312e-010	5.206583e-003	1.066154e-003
8.283107199787312e-010	5.222462e-003	7.488307e-004
8.293107199787312e-010	5.239553e-003	4.304330e-004
8.303107199787312e-010	5.257793e-003	1.111687e-004
8.313107199787312e-010	5.277109e-003	-2.087305e-004
8.323107199787312e-010	5.297425e-003	-5.290063e-004
8.333107199787312e-010	5.318658e-003	-8.493711e-004
8.343107199787312e-010	5.340721e-003	-1.169506e-003
8.353107199787312e-010	5.363522e-003	-1.489058e-003
8.363107199787312e-010	5.386964e-003	-1.807641e-003
8.373107199787312e-010	5.410954e-003	-2.124837e-003
8.383107199787312e-010	5.435408e-003	-2.440195e-003
8.393107199787312e-010	5.460270e-003	-2.753239e-003
8.403107199787312e-010	5.485548e-003	-3.063471e-003
8.413107199787312e-010	5.511425e-003	-3.370376e-003
8.423107199787312e-010	5.538388e-003	-3.673436e-003
8.433107199787312e-010	5.567297e-003	-3.972154e-003
8.443107199787312e-010	5.599435e-003	-4.266058e-003
8.453107199787312e-010	5.636388e-003	-4.554700e-003
8.463107199787312e-010	5.679689e-003	-4.837661e-003
8.473107199787312e-010	5.730454e-003	-5.114546e-003
8.483107199787312e-010	5.789294e-003	-5.384977e-003
8.493107199787312e-010	5.856457e-003	-5.648593e-003
8.503107199787312e-010	5.931921e-003	-5.905046e-003
8.513107199787312e-010	6.015495e-003	-6.154002e-003
8.523107199787312e-010	6.106927e-003	-6.395142e-003
8.533107199787311e-010	6.205943e-003	-6.628160e-003
8.543107199787311e-010	6.312260e-003	-6.852766e-003
8.553107199787311e-010	6.425588e-003	-7.068687e-003
8.563107199787311e-010	6.545637e-003	-7.275661e-003
8.573107199787311e-010	6.672117e-003	-7.473447e-003
8.583107199787311e-010	6.804737e-003	-7.661815e-003
8.593107199787311e-010	6.943210e-003	-7.840555e-003
8.603107199787311e-010	7.087249e-003	-8.009472e-003
8.613107199787311e-010	7.236569e-003	-8.168388e-003
8.623107199787311e-010	7.390889e-003	-8.317141e-003
8.633107199787311e-010	7.549927e-003	-8.455586e-003
8.643107199787311e-010	7.713405e-003	-8.583596e-003
8.653107199787311e-010	7.881048e-003	-8.701060e-003
8.663107199787311e-010	8.052583e-003	-8.807885e-003
8.673107199787311e-010	8.227738e-003	-8.903991e-003
8.683107199787311e-010	8.406246e-003	-8.989321e-003
8.693107199787311e-010	8.587841e-003	-9.063831e-003
8.703107199787311e-010	8.772262e-003	-9.127491e-003
8.713107199787311e-010	8.959251e-003	-9.180294e-003
8.723107199787311e-010	9.148550e-003	-9.222245e-003
8.733107199787311e-010	9.339909e-003	-9.253366e-003
8.743107199787311e-010	9.533078e-003	-9.273695e-003
8.753107199787311e-010	9.727812e-003	-9.283285e-003
8.763107199787311e-010	9.923870e-003	-9.282204e-003
8.773107199787311e-010	1.012101e-002	-9.270539e-003
8.783107199787311e-010	1.031901e-002	-9.248385e-003
8.793107199787311e-010	1.051763e-002	-9.215859e-003
8.803107199787311e-010	1.071665e-002	-9.173085e-003
8.813107199787311e-010	1.091584e-002	-9.120205e-003
8.833107199787310e-010	1.131389e-002	-8.984759e-003
8.853107199787310e-010	1.171011e-002	-8.810902e-003
8.883107199787310e-010	1.229750e-002	-8.481598e-003
8.913107199787310e-010	1.287207e-002	-8.075513e-003
8.943107199787310e-010	1.342912e-002	-7.599470e-003
8.973107199787310e-010	1.396439e-002	-7.060935e-003
9.003107199787310e-010	1.447402e-002	-6.467891e-003
9.033107199787310e-010	1.495457e-002	-5.828695e-003
9.063107199787310e-010	1.540302e-002	-5.151951e-003
9.093107199787310e-010	1.581679e-002	-4.446370e-003
9.123107199787309e-010	1.619367e-002	-3.720644e-003
9.153107199787309e-010	1.653183e-002	-2.983327e-003
9.167392914073024e-010	1.667903e-002	-2.628547e-003
9.181678628358738e-010	1.681677e-002	-2.275935e-003
9.195964342644452e-010	1.694503e-002	-1.925492e-003
9.210250056930166e-010	1.706382e-002	-1.577218e-003
9.224535771215881e-010	1.717313e-002	-1.231112e-003
9.238821485501595e-010	1.727298e-002	-8.871748e-004
9.253107199787309e-010	1.736335e-002	-5.454059e-004
9.263107199787309e-010	1.742073e-002	-3.103604e-004
9.273107199787309e-010	1.747336e-002	-7.790572e-005
9.283107199787309e-010	1.752123e-002	1.517331e-004
9.293107199787309e-010	1.756435e-002	3.783395e-004
9.303107199787309e-010	1.760271e-002	6.017059e-004
9.323107199787309e-010	1.766517e-002	1.037931e-003
9.343107199787311e-010	1.770868e-002	1.458929e-003
9.363107199787313e-010	1.773332e-002	1.863366e-003
9.383107199787315e-010	1.773921e-002	2.250066e-003
9.393107199787316e-010	1.773518e-002	2.436440e-003
9.413107199787318e-010	1.771325e-002	2.794668e-003
9.443107199787321e-010	1.764609e-002	3.294319e-003
9.473107199787324e-010	1.753845e-002	3.747036e-003
9.483107199787325e-010	1.749371e-002	3.887283e-003
9.503107199787327e-010	1.739113e-002	4.151623e-003
9.523107199787329e-010	1.727063e-002	4.393394e-003
9.543107199787331e-010	1.713377e-002	4.614473e-003
9.563107199787333e-010	1.698055e-002	4.814860e-003
9.583107199787335e-010	1.681096e-002	4.994556e-003
9.603107199787337e-010	1.662502e-002	5.153560e-003
9.623107199787339e-010	1.642270e-002	5.291873e-003
9.643107199787341e-010	1.620403e-002	5.409494e-003
9.673107199787344e-010	1.584801e-002	5.553240e-003
9.693107199787346e-010	1.559167e-002	5.627331e-003
9.713107199787348e-010	1.532042e-002	5.685167e-003
9.733107199787350e-010	1.503444e-002	5.727797e-003
9.743107199787351e-010	1.488599e-002	5.743753e-003
9.753107199787352e-010	1.473393e-002	5.756327e-003
9.763107199787353e-010	1.457829e-002	5.765663e-003
9.773107199787354e-010	1.441909e-002	5.771909e-003
9.783107199787355e-010	1.425634e-002	5.775214e-003
9.793107199787356e-010	1.409008e-002	5.775730e-003
9.803107199787357e-010	1.392031e-002	5.773608e-003
9.813107199787358e-010	1.374707e-002	5.769001e-003
9.823107199787359e-010	1.357036e-002	5.762065e-003
9.833107199787360e-010	1.339022e-002	5.752951e-003
9.843107199787361e-010	1.320664e-002	5.741816e-003
9.853107199787362e-010	1.301967e-002	5.728812e-003
9.863107199787363e-010	1.282930e-002	5.714093e-003
9.873107199787364e-010	1.263556e-002	5.697811e-003
9.883107199787365e-010	1.243847e-002	5.680118e-003
9.893107199787366e-010	1.223803e-002	5.661163e-003
9.903107199787367e-010	1.203428e-002	5.641096e-003
9.913107199787368e-010	1.182721e-002	5.620060e-003
9.923107199787369e-010	1.161686e-002	5.598202e-003
9.933107199787370e-010	1.140323e-002	5.575662e-003
9.943107199787371e-010	1.118634e-002	5.552580e-003
9.953107199787372e-010	1.096621e-002	5.529089e-003
9.963107199787373e-010	1.074285e-002	5.505325e-003
9.973107199787374e-010	1.051628e-002	5.481416e-003
9.983107199787375e-010	1.028651e-002	5.457487e-003
9.993107199787376e-010	1.005357e-002	5.433661e-003
1.000310719978738e-009	9.817470e-003	5.410056e-003
1.001310719978738e-009	9.578228e-003	5.386785e-003
1.002310719978738e-009	9.335863e-003	5.363958e-003
1.003310719978738e-009	9.090397e-003	5.341680e-003
1.004310719978738e-009	8.841848e-003	5.320052e-003
1.005310719978738e-009	8.590240e-003	5.299169e-003
1.006310719978738e-009	8.335595e-003	5.279122e-003
1.007310719978738e-009	8.077936e-003	5.259996e-003
1.008310719978739e-009	7.817290e-003	5.241873e-003
1.009310719978739e-009	7.553683e-003	5.224828e-003
1.010310719978739e-009	7.287144e-003	5.208930e-003
1.011310719978739e-009	7.017702e-003	5.194245e-003
1.012310719978739e-009	6.745392e-003	5.180832e-003
1.013310719978739e-009	6.470246e-003	5.168745e-003
1.014310719978739e-009	6.192302e-003	5.158032e-003
1.015310719978739e-009	5.911599e-003	5.148736e-003
1.016310719978739e-009	5.628180e-003	5.140893e-003
1.017310719978739e-009	5.342090e-003	5.134535e-003
1.018310719978740e-009	5.053377e-003	5.129688e-003
1.019310719978740e-009	4.762094e-003	5.126372e-003
1.020310719978740e-009	4.468298e-003	5.124602e-003
1.021310719978740e-009	4.172049e-003	5.124385e-003
1.022310719978740e-009	3.873414e-003	5.125724e-003
1.023310719978740e-009	3.572463e-003	5.128617e-003
1.024310719978740e-009	3.269276e-003	5.133056e-003
1.025310719978740e-009	2.963936e-003	5.139026e-003
1.026310719978740e-009	2.656535e-003	5.146508e-003
1.027310719978740e-009	2.347176e-003	5.155476e-003
1.028310719978741e-009	2.035968e-003	5.165900e-003
1.029310719978741e-009	1.723035e-003	5.177744e-003
1.030310719978741e-009	1.408510e-003	5.190965e-003
1.031310719978741e-009	1.092545e-003	5.205515e-003
1.032310719978741e-009	7.753031e-004	5.221341e-003
1.033310719978741e-009	4.569709e-004	5.238384e-003
1.034310719978741e-009	1.377537e-004	5.256580e-003
1.035310719978741e-009	-1.821189e-004	5.275857e-003
1.036310719978741e-009	-5.023909e-004	5.296140e-003
1.037310719978741e-009	-8.227771e-004	5.317345e-003
1.038310719978742e-009	-1.142961e-003	5.339387e-003
1.039310719978742e-009	-1.462593e-003	5.362172e-003
1.040310719978742e-009	-1.781290e-003	5.385605e-003
1.041310719978742e-009	-2.098635e-003	5.409592e-003
1.042310719978742e-009	-2.414181e-003	5.434047e-003
1.043310719978742e-009	-2.727453e-003	5.458911e-003
1.044310719978742e-009	-3.037955e-003	5.484183e-003
1.045310719978742e-009	-3.345173e-003	5.510031e-003
1.046310719978742e-009	-3.648587e-003	5.536911e-003
1.047310719978742e-009	-3.947699e-003	5.565641e-003
1.048310719978743e-009	-4.242034e-003	5.597472e-003
1.049310719978743e-009	-4.531144e-003	5.633974e-003
1.050310719978743e-009	-4.814606e-003	5.676702e-003
1.051310719978743e-009	-5.092023e-003	5.726814e-003
1.052310719978743e-009	-5.363016e-003	5.784961e-003
1.053310719978743e-009	-5.627223e-003	5.851426e-003
1.054310719978743e-009	-5.884294e-003	5.926204e-003
1.055310719978743e-009	-6.133895e-003	6.009111e-003
1.056310719978743e-009	-6.375705e-003	6.099898e-003
1.057310719978743e-009	-6.609417e-003	6.198294e-003
1.058310719978744e-009	-6.834741e-003	6.304013e-003
1.059310719978744e-009	-7.051399e-003	6.416768e-003
1.060310719978744e-009	-7.259132e-003	6.536268e-003
1.061310719978744e-009	-7.457694e-003	6.662223e-003
1.062310719978744e-009	-7.646857e-003	6.794342e-003
1.063310719978744e-009	-7.826407e-003	6.932338e-003
1.064310719978744e-009	-7.996150e-003	7.075924e-003
1.065310719978744e-009	-8.155905e-003	7.224815e-003
1.066310719978744e-009	-8.305509e-003	7.378728e-003
1.067310719978744e-009	-8.444815e-003	7.537383e-003
1.068310719978745e-009	-8.573696e-003	7.700501e-003
1.069310719978745e-009	-8.692039e-003	7.867807e-003
1.070310719978745e-009	-8.799748e-003	8.039027e-003
1.071310719978745e-009	-8.896745e-003	8.213889e-003
1.072310719978745e-009	-8.982969e-003	8.392125e-003
1.073310719978745e-009	-9.058373e-003	8.573472e-003
1.074310719978745e-009	-9.122930e-003	8.757667e-003
1.075310719978745e-009	-9.176631e-003	8.944449e-003
1.076310719978745e-009	-9.219476e-003	9.133563e-003
1.077310719978745e-009	-9.251488e-003	9.324757e-003
1.078310719978746e-009	-9.272704e-003	9.517782e-003
1.079310719978746e-009	-9.283175e-003	9.712392e-003
1.080310719978746e-009	-9.282969e-003	9.908346e-003
1.081310719978746e-009	-9.272169e-003	1.010541e-002
1.082310719978746e-009	-9.250874e-003	1.030334e-002
1.083310719978746e-009	-9.219194e-003	1.050191e-002
1.084310719978746e-009	-9.177255e-003	1.070090e-002
1.085310719978746e-009	-9.125198e-003	1.090008e-002
1.087310719978746e-009	-8.991354e-003	1.129817e-002
1.089310719978747e-009	-8.819038e-003	1.169448e-002
1.092310719978747e-009	-8.491909e-003	1.228214e-002
1.095310719978747e-009	-8.087819e-003	1.285711e-002
1.098310719978748e-009	-7.613570e-003	1.341469e-002
1.101310719978748e-009	-7.076615e-003	1.395059e-002
1.104310719978748e-009	-6.484924e-003	1.446095e-002
1.107310719978748e-009	-5.846847e-003	1.494232e-002
1.110310719978749e-009	-5.170981e-003	1.539168e-002
1.113310719978749e-009	-4.466038e-003	1.580640e-002
1.116310719978749e-009	-3.740715e-003	1.618429e-002
1.119310719978750e-009	-3.003568e-003	1.652352e-002
1.120739291407321e-009	-2.648787e-003	1.667124e-002
1.122167862835893e-009	-2.296129e-003	1.680950e-002
1.123596434264464e-009	-1.945595e-003	1.693829e-002
1.125025005693036e-009	-1.597183e-003	1.705761e-002
1.126453577121608e-009	-1.250894e-003	1.716747e-002
1.127882148550179e-009	-9.067288e-004	1.726786e-002
1.129310719978751e-009	-5.646863e-004	1.735878e-002
1.130310719978751e-009	-3.294286e-004	1.741654e-002
1.131310719978751e-009	-9.674316e-005	1.746955e-002
1.132310719978751e-009	1.331443e-004	1.751781e-002
1.133310719978751e-009	3.600165e-004	1.756130e-002
1.134310719978751e-009	5.836651e-004	1.760005e-002
1.136310719978751e-009	1.020501e-003	1.766327e-002
1.138310719978752e-009	1.442166e-003	1.770754e-002
1.140310719978752e-009	1.847321e-003	1.773293e-002
1.142310719978752e-009	2.234783e-003	1.773958e-002
1.143310719978752e-009	2.421551e-003	1.773592e-002
1.145310719978752e-009	2.780595e-003	1.771474e-002
1.148310719978753e-009	3.281518e-003	1.764867e-002
1.151310719978753e-009	3.735547e-003	1.754211e-002
1.152310719978753e-009	3.876237e-003	1.749772e-002
1.154310719978753e-009	4.141465e-003	1.739583e-002
1.156310719978753e-009	4.384137e-003	1.727602e-002
1.158310719978754e-009	4.606097e-003	1.713984e-002
1.160310719978754e-009	4.807346e-003	1.698729e-002
1.162310719978754e-009	4.987884e-003	1.681836e-002
1.164310719978754e-009	5.147712e-003	1.663306e-002
1.166310719978754e-009	5.286828e-003	1.643139e-002
1.168310719978755e-009	5.405233e-003	1.621334e-002
1.171310719978755e-009	5.550072e-003	1.585824e-002
1.173310719978755e-009	5.624842e-003	1.560252e-002
1.175310719978755e-009	5.683314e-003	1.533186e-002
1.177310719978755e-009	5.726535e-003	1.504647e-002
1.178310719978756e-009	5.742769e-003	1.489831e-002
1.179310719978756e-009	5.755609e-003	1.474654e-002
1.180310719978756e-009	5.765199e-003	1.459119e-002
1.181310719978756e-009	5.771686e-003	1.443227e-002
1.182310719978756e-009	5.775220e-003	1.426982e-002
1.183310719978756e-009	5.775952e-003	1.410383e-002
1.184310719978756e-009	5.774034e-003	1.393435e-002
1.185310719978756e-009	5.769619e-003	1.376139e-002
1.186310719978756e-009	5.762860e-003	1.358496e-002
1.187310719978756e-009	5.753912e-003	1.340509e-002
1.188310719978757e-009	5.742930e-003	1.322180e-002
1.189310719978757e-009	5.730066e-003	1.303510e-002
1.190310719978757e-009	5.715474e-003	1.284500e-002
1.191310719978757e-009	5.699308e-003	1.265154e-002
1.192310719978757e-009	5.681718e-003	1.245471e-002
1.193310719978757e-009	5.662854e-003	1.225455e-002
1.194310719978757e-009	5.642864e-003	1.205106e-002
1.195310719978757e-009	5.621896e-003	1.184427e-002
1.196310719978757e-009	5.600092e-003	1.163418e-002
1.197310719978757e-009	5.577595e-003	1.142082e-002
1.198310719978758e-009	5.554544e-003	1.120419e-002
1.199310719978758e-009	5.531075e-003	1.098432e-002
1.200310719978758e-009	5.507322e-003	1.076123e-002
1.201310719978758e-009	5.483412e-003	1.053492e-002
1.202310719978758e-009	5.459473e-003	1.030541e-002
1.203310719978758e-009	5.435628e-003	1.007273e-002
1.204310719978758e-009	5.411993e-003	9.836881e-003
1.205310719978758e-009	5.388684e-003	9.597895e-003
1.206310719978758e-009	5.365810e-003	9.355783e-003
1.207310719978758e-009	5.343477e-003	9.110570e-003
1.208310719978759e-009	5.321785e-003	8.862272e-003
1.209310719978759e-009	5.300831e-003	8.610913e-003
1.210310719978759e-009	5.280706e-003	8.356514e-003
1.211310719978759e-009	5.261496e-003	8.099101e-003
1.212310719978759e-009	5.243282e-003	7.838698e-003
1.213310719978759e-009	5.226140e-003	7.575331e-003
1.214310719978759e-009	5.210140e-003	7.309031e-003
1.215310719978759e-009	5.195349e-003	7.039825e-003
1.216310719978759e-009	5.181824e-003	6.767748e-003
1.217310719978759e-009	5.169622e-003	6.492833e-003
1.218310719978760e-009	5.158790e-003	6.215116e-003
1.219310719978760e-009	5.149372e-003	5.934638e-003
1.220310719978760e-009	5.141404e-003	5.651439e-003
1.221310719978760e-009	5.134920e-003	5.365565e-003
1.222310719978760e-009	5.129945e-003	5.077065e-003
1.223310719978760e-009	5.126499e-003	4.785991e-003
1.224310719978760e-009	5.124598e-003	4.492398e-003
1.225310719978760e-009	5.124249e-003	4.196348e-003
1.226310719978760e-009	5.125458e-003	3.897906e-003
1.227310719978760e-009	5.128222e-003	3.597143e-003
1.228310719978761e-009	5.132532e-003	3.294136e-003
1.229310719978761e-009	5.138375e-003	2.988969e-003
1.230310719978761e-009	5.145732e-003	2.681734e-003
1.231310719978761e-009	5.154578e-003	2.372531e-003
1.232310719978761e-009	5.164883e-003	2.061470e-003
1.233310719978761e-009	5.176610e-003	1.748674e-003
1.234310719978761e-009	5.189719e-003	1.434275e-003
1.235310719978761e-009	5.204161e-003	1.118421e-003
1.236310719978761e-009	5.219884e-003	8.012783e-004
1.237310719978761e-009	5.236829e-003	4.830285e-004
1.238310719978762e-009	5.254933e-003	1.638760e-004
1.239310719978762e-009	5.274124e-003	-1.559516e-004
1.240310719978762e-009	5.294327e-003	-4.762007e-004
1.241310719978762e-009	5.315461e-003	-7.965883e-004
1.242310719978762e-009	5.337438e-003	-1.116801e-003
1.243310719978762e-009	5.360166e-003	-1.436491e-003
1.244310719978762e-009	5.383551e-003	-1.755279e-003
1.245310719978762e-009	5.407496e-003	-2.072751e-003
1.246310719978762e-009	5.431917e-003	-2.388461e-003
1.247310719978762e-009	5.456750e-003	-2.701937e-003
1.248310719978763e-009	5.481989e-003	-3.012684e-003
1.249310719978763e-009	5.507783e-003	-3.320188e-003
1.250310719978763e-009	5.534562e-003	-3.623930e-003
1.251310719978763e-009	5.563107e-003	-3.923410e-003
1.252310719978763e-009	5.594634e-003	-4.218152e-003
1.253310719978763e-009	5.630697e-003	-4.507704e-003
1.254310719978763e-009	5.672869e-003	-4.791642e-003
1.255310719978763e-009	5.722344e-003	-5.069566e-003
1.256310719978763e-009	5.779814e-003	-5.341097e-003
1.257310719978763e-009	5.845594e-003	-5.605871e-003
1.258310719978764e-009	5.919700e-003	-5.863538e-003
1.259310719978764e-009	6.001953e-003	-6.113760e-003
1.260310719978764e-009	6.092107e-003	-6.356218e-003
1.261310719978764e-009	6.189893e-003	-6.590602e-003
1.262310719978764e-009	6.295026e-003	-6.816621e-003
1.263310719978764e-009	6.407219e-003	-7.033997e-003
1.264310719978764e-009	6.526180e-003	-7.242469e-003
1.265310719978764e-009	6.651619e-003	-7.441789e-003
1.266310719978764e-009	6.783247e-003	-7.631728e-003
1.267310719978764e-009	6.920775e-003	-7.812072e-003
1.268310719978765e-009	7.063916e-003	-7.982623e-003
1.269310719978765e-009	7.212386e-003	-8.143200e-003
1.270310719978765e-009	7.365900e-003	-8.293638e-003
1.271310719978765e-009	7.524179e-003	-8.433792e-003
1.272310719978765e-009	7.686945e-003	-8.563530e-003
1.273310719978765e-009	7.853920e-003	-8.682737e-003
1.274310719978765e-009	8.024830e-003	-8.791319e-003
1.275310719978765e-009	8.199407e-003	-8.889194e-003
1.276310719978765e-009	8.377379e-003	-8.976299e-003
1.277310719978765e-009	8.558483e-003	-9.052590e-003
1.278310719978766e-009	8.742454e-003	-9.118035e-003
1.279310719978766e-009	8.929037e-003	-9.172623e-003
1.280310719978766e-009	9.117970e-003	-9.216355e-003
1.281310719978766e-009	9.309005e-003	-9.249253e-003
1.282310719978766e-009	9.501891e-003	-9.271350e-003
1.283310719978766e-009	9.696382e-003	-9.282697e-003
1.284310719978766e-009	9.892236e-003	-9.283362e-003
1.285310719978766e-009	1.008921e-002	-9.273426e-003
1.286310719978766e-009	1.028708e-002	-9.252985e-003
1.287310719978766e-009	1.048561e-002	-9.222150e-003
1.288310719978767e-009	1.068458e-002	-9.181045e-003
1.289310719978767e-009	1.088375e-002	-9.129810e-003
1.291310719978767e-009	1.128188e-002	-8.997571e-003
1.293310719978767e-009	1.167830e-002	-8.826798e-003
1.295310719978767e-009	1.207141e-002	-8.619055e-003
1.298310719978768e-009	1.265152e-002	-8.241973e-003
1.301310719978768e-009	1.321588e-002	-7.792196e-003
1.304310719978768e-009	1.376007e-002	-7.276960e-003
1.307310719978768e-009	1.428006e-002	-6.704062e-003
1.310310719978769e-009	1.477226e-002	-6.081732e-003
1.313310719978769e-009	1.523348e-002	-5.418493e-003
1.316310719978769e-009	1.566098e-002	-4.723032e-003
1.319310719978770e-009	1.605238e-002	-4.004063e-003
1.322310719978770e-009	1.640574e-002	-3.270209e-003
1.323739291407342e-009	1.656040e-002	-2.915901e-003
1.325167862835913e-009	1.670566e-002	-2.563106e-003
1.326596434264485e-009	1.684152e-002	-2.211822e-003
1.328025005693056e-009	1.696798e-002	-1.862051e-003
1.329453577121628e-009	1.708504e-002	-1.513792e-003
1.330882148550199e-009	1.719269e-002	-1.167045e-003
1.332310719978771e-009	1.729094e-002	-8.218102e-004
1.333310719978771e-009	1.735383e-002	-5.840338e-004
1.334310719978771e-009	1.741198e-002	-3.485763e-004
1.335310719978771e-009	1.746538e-002	-1.156722e-004
1.336310719978771e-009	1.751402e-002	1.144521e-004
1.337310719978771e-009	1.755791e-002	3.415786e-004
1.338310719978771e-009	1.759704e-002	5.654983e-004
1.340310719978772e-009	1.766105e-002	1.002924e-003
1.342310719978772e-009	1.770608e-002	1.425236e-003
1.344310719978772e-009	1.773225e-002	1.831090e-003
1.346310719978772e-009	1.773966e-002	2.219297e-003
1.347310719978772e-009	1.773638e-002	2.406452e-003
1.349310719978773e-009	1.771595e-002	2.766297e-003
1.352310719978773e-009	1.765100e-002	3.268474e-003
1.355310719978773e-009	1.754552e-002	3.723802e-003
1.357310719978773e-009	1.745309e-002	4.000683e-003
1.360310719978774e-009	1.728186e-002	4.375554e-003
1.362310719978774e-009	1.714573e-002	4.597261e-003
1.364310719978774e-009	1.699347e-002	4.798730e-003
1.366310719978774e-009	1.682508e-002	4.979960e-003
1.368310719978774e-009	1.664057e-002	5.140951e-003
1.370310719978775e-009	1.643992e-002	5.281704e-003
1.372310719978775e-009	1.622314e-002	5.402218e-003
1.374310719978775e-009	1.599024e-002	5.502493e-003
1.376310719978775e-009	1.574268e-002	5.586492e-003
1.378310719978775e-009	1.548007e-002	5.653654e-003
1.380310719978776e-009	1.520262e-002	5.704992e-003
1.381310719978776e-009	1.505840e-002	5.725060e-003
1.382310719978776e-009	1.491054e-002	5.741579e-003
1.383310719978776e-009	1.475906e-002	5.754691e-003
1.384310719978776e-009	1.460400e-002	5.764541e-003
1.385310719978776e-009	1.444538e-002	5.771277e-003
1.386310719978776e-009	1.428320e-002	5.775048e-003
1.387310719978776e-009	1.411751e-002	5.776004e-003
1.388310719978776e-009	1.394831e-002	5.774297e-003
1.389310719978777e-009	1.377563e-002	5.770081e-003
1.390310719978777e-009	1.359949e-002	5.763508e-003
1.391310719978777e-009	1.341990e-002	5.754734e-003
1.392310719978777e-009	1.323688e-002	5.743912e-003
1.393310719978777e-009	1.305046e-002	5.731197e-003
1.394310719978777e-009	1.286064e-002	5.716742e-003
1.395310719978777e-009	1.266745e-002	5.700699e-003
1.396310719978777e-009	1.247090e-002	5.683220e-003
1.397310719978777e-009	1.227101e-002	5.664454e-003
1.398310719978777e-009	1.206779e-002	5.644551e-003
1.399310719978778e-009	1.186127e-002	5.623658e-003
1.400310719978778e-009	1.165145e-002	5.601917e-003
1.401310719978778e-009	1.143835e-002	5.579472e-003
1.402310719978778e-009	1.122199e-002	5.556461e-003
1.403310719978778e-009	1.100239e-002	5.533022e-003
1.404310719978778e-009	1.077955e-002	5.509287e-003
1.405310719978778e-009	1.055350e-002	5.485386e-003
1.406310719978778e-009	1.032426e-002	5.461445e-003
1.407310719978778e-009	1.009183e-002	5.437587e-003
1.408310719978778e-009	9.856245e-003	5.413931e-003
1.409310719978779e-009	9.617514e-003	5.390591e-003
1.410310719978779e-009	9.375658e-003	5.367678e-003
1.411310719978779e-009	9.130696e-003	5.345297e-003
1.412310719978779e-009	8.882649e-003	5.323549e-003
1.413310719978779e-009	8.631539e-003	5.302531e-003
1.414310719978779e-009	8.377387e-003	5.282335e-003
1.415310719978779e-009	8.120219e-003	5.263047e-003
1.416310719978779e-009	7.860059e-003	5.244748e-003
1.417310719978779e-009	7.596933e-003	5.227515e-003
1.418310719978779e-009	7.330871e-003	5.211420e-003
1.419310719978780e-009	7.061902e-003	5.196527e-003
1.420310719978780e-009	6.790057e-003	5.182897e-003
1.421310719978780e-009	6.515372e-003	5.170585e-003
1.422310719978780e-009	6.237883e-003	5.159639e-003
1.423310719978780e-009	5.957628e-003	5.150103e-003
1.424310719978780e-009	5.674649e-003	5.142015e-003
1.425310719978780e-009	5.388993e-003	5.135409e-003
1.426310719978780e-009	5.100705e-003	5.130309e-003
1.427310719978780e-009	4.809839e-003	5.126737e-003
1.428310719978780e-009	4.516450e-003	5.124709e-003
1.429310719978781e-009	4.220597e-003	5.124234e-003
1.430310719978781e-009	3.922348e-003	5.125315e-003
1.431310719978781e-009	3.621771e-003	5.127951e-003
1.432310719978781e-009	3.318944e-003	5.132134e-003
1.433310719978781e-009	3.013951e-003	5.137852e-003
1.434310719978781e-009	2.706881e-003	5.145086e-003
1.435310719978781e-009	2.397835e-003	5.153811e-003
1.436310719978781e-009	2.086922e-003	5.163997e-003
1.437310719978781e-009	1.774262e-003	5.175609e-003
1.438310719978781e-009	1.459988e-003	5.188606e-003
1.439310719978782e-009	1.144248e-003	5.202941e-003
1.440310719978782e-009	8.272034e-004	5.218561e-003
1.441310719978782e-009	5.090367e-004	5.235408e-003
1.442310719978782e-009	1.899498e-004	5.253419e-003
1.443310719978782e-009	-1.298317e-004	5.272524e-003
1.444310719978782e-009	-4.500564e-004	5.292647e-003
1.445310719978782e-009	-7.704439e-004	5.313707e-003
1.446310719978782e-009	-1.090683e-003	5.335617e-003
1.447310719978782e-009	-1.410430e-003	5.358287e-003
1.448310719978782e-009	-1.729307e-003	5.381621e-003
1.449310719978783e-009	-2.046902e-003	5.405524e-003
1.450310719978783e-009	-2.362773e-003	5.429908e-003
1.451310719978783e-009	-2.676449e-003	5.454708e-003
1.452310719978783e-009	-2.987437e-003	5.479911e-003
1.453310719978783e-009	-3.295225e-003	5.505652e-003
1.454310719978783e-009	-3.599291e-003	5.532332e-003
1.455310719978783e-009	-3.899136e-003	5.560699e-003
1.456310719978783e-009	-4.194281e-003	5.591928e-003
1.457310719978783e-009	-4.484271e-003	5.627563e-003
1.458310719978783e-009	-4.768681e-003	5.669185e-003
1.459310719978784e-009	-5.047109e-003	5.718026e-003
1.460310719978784e-009	-5.319175e-003	5.774819e-003
1.461310719978784e-009	-5.584512e-003	5.839912e-003
1.462310719978784e-009	-5.842770e-003	5.913343e-003
1.463310719978784e-009	-6.093612e-003	5.994939e-003
1.464310719978784e-009	-6.336714e-003	6.084458e-003
1.465310719978784e-009	-6.571767e-003	6.181631e-003
1.466310719978784e-009	-6.798479e-003	6.286175e-003
1.467310719978784e-009	-7.016569e-003	6.397802e-003
1.468310719978784e-009	-7.225776e-003	6.516222e-003
1.469310719978785e-009	-7.425851e-003	6.641143e-003
1.470310719978785e-009	-7.616563e-003	6.772276e-003
1.471310719978785e-009	-7.797697e-003	6.909333e-003
1.472310719978785e-009	-7.969053e-003	7.052026e-003
1.473310719978785e-009	-8.130450e-003	7.200071e-003
1.474310719978785e-009	-8.281722e-003	7.353184e-003
1.475310719978785e-009	-8.422719e-003	7.511085e-003
1.476310719978785e-009	-8.553311e-003	7.673494e-003
1.477310719978785e-009	-8.673381e-003	7.840135e-003
1.478310719978785e-009	-8.782833e-003	8.010735e-003
1.479310719978786e-009	-8.881584e-003	8.185022e-003
1.480310719978786e-009	-8.969571e-003	8.362726e-003
1.481310719978786e-009	-9.046745e-003	8.543584e-003
1.482310719978786e-009	-9.113075e-003	8.727332e-003
1.483310719978786e-009	-9.168549e-003	8.913709e-003
1.484310719978786e-009	-9.213167e-003	9.102461e-003
1.485310719978786e-009	-9.246947e-003	9.293334e-003
1.486310719978786e-009	-9.269924e-003	9.486077e-003
1.487310719978786e-009	-9.282147e-003	9.680446e-003
1.488310719978786e-009	-9.283680e-003	9.876198e-003
1.489310719978787e-009	-9.274607e-003	1.007309e-002
1.490310719978787e-009	-9.255018e-003	1.027090e-002
1.491310719978787e-009	-9.225028e-003	1.046938e-002
1.492310719978787e-009	-9.184756e-003	1.066832e-002
1.493310719978787e-009	-9.134343e-003	1.086749e-002
1.495310719978787e-009	-9.003706e-003	1.126564e-002
1.497310719978787e-009	-8.834478e-003	1.166217e-002
1.499310719978788e-009	-8.628893e-003	1.205554e-002
1.500000000000000e-009	-8.551014e-003	1.219028e-002
