time	V(VCj1a,VCj2b)	V(VCj2a,VCj2b)
0.000000000000000e+000	0.000000e+000	0.000000e+000
1.170285695298015e-014	-3.998484e-010	3.998484e-010
2.340571390596030e-014	1.814119e-010	-1.814118e-010
3.510857085894045e-014	1.743781e-009	-1.743781e-009
4.681142781192060e-014	4.287258e-009	-4.287258e-009
5.851428476490076e-014	7.811845e-009	-7.811844e-009
7.021714171788090e-014	1.231754e-008	-1.231754e-008
8.191999867086103e-014	1.780434e-008	-1.780434e-008
1.638399973417221e-013	1.308903e-007	-1.308903e-007
3.276799946834441e-013	9.142055e-007	-9.142055e-007
6.553599893668882e-013	6.056428e-006	-6.056428e-006
1.310719978733776e-012	3.472159e-005	-3.472159e-005
2.310719978733776e-012	1.310811e-004	-1.310811e-004
3.310719978733776e-012	3.120544e-004	-3.120544e-004
4.310719978733776e-012	6.108621e-004	-6.108622e-004
5.310719978733776e-012	1.056006e-003	-1.056006e-003
6.310719978733775e-012	1.675586e-003	-1.675587e-003
7.310719978733775e-012	2.497237e-003	-2.497239e-003
8.310719978733775e-012	3.548073e-003	-3.548077e-003
9.310719978733775e-012	4.854624e-003	-4.854633e-003
1.031071997873377e-011	6.442786e-003	-6.442804e-003
1.131071997873377e-011	8.337765e-003	-8.337796e-003
1.231071997873377e-011	1.056402e-002	-1.056407e-002
1.331071997873377e-011	1.314521e-002	-1.314530e-002
1.431071997873377e-011	1.610417e-002	-1.610431e-002
1.531071997873377e-011	1.946280e-002	-1.946303e-002
1.631071997873377e-011	2.324210e-002	-2.324244e-002
1.731071997873377e-011	2.746205e-002	-2.746257e-002
1.831071997873377e-011	3.214163e-002	-3.214239e-002
1.931071997873377e-011	3.729873e-002	-3.729983e-002
2.031071997873377e-011	4.295012e-002	-4.295169e-002
2.131071997873377e-011	4.911144e-002	-4.911367e-002
2.231071997873377e-011	5.579713e-002	-5.580027e-002
2.331071997873377e-011	6.302040e-002	-6.302479e-002
2.431071997873377e-011	7.079317e-002	-7.079931e-002
2.531071997873377e-011	7.912606e-002	-7.913464e-002
2.631071997873377e-011	8.802829e-002	-8.804034e-002
2.731071997873377e-011	9.750762e-002	-9.752462e-002
2.831071997873377e-011	1.075702e-001	-1.075944e-001
2.931071997873377e-011	1.182205e-001	-1.182553e-001
3.031071997873377e-011	1.294609e-001	-1.295115e-001
3.131071997873378e-011	1.412911e-001	-1.413660e-001
3.231071997873378e-011	1.537077e-001	-1.538201e-001
3.331071997873378e-011	1.667023e-001	-1.668742e-001
3.431071997873379e-011	1.802591e-001	-1.805269e-001
3.531071997873379e-011	1.943501e-001	-1.947757e-001
3.631071997873379e-011	2.089273e-001	-2.096165e-001
3.731071997873379e-011	2.238932e-001	-2.250442e-001
3.831071997873380e-011	2.390695e-001	-2.410520e-001
3.931071997873380e-011	2.541902e-001	-2.576321e-001
4.031071997873380e-011	2.688644e-001	-2.747750e-001
4.131071997873381e-011	2.825400e-001	-2.924704e-001
4.231071997873381e-011	2.945805e-001	-3.107067e-001
4.331071997873381e-011	3.044579e-001	-3.294709e-001
4.431071997873382e-011	3.119915e-001	-3.487495e-001
4.531071997873382e-011	3.173957e-001	-3.685277e-001
4.631071997873382e-011	3.210751e-001	-3.887899e-001
4.731071997873382e-011	3.235059e-001	-4.095198e-001
4.831071997873383e-011	3.251717e-001	-4.307004e-001
4.931071997873383e-011	3.264223e-001	-4.523139e-001
5.031071997873383e-011	3.274538e-001	-4.743418e-001
5.131071997873384e-011	3.283722e-001	-4.967650e-001
5.231071997873384e-011	3.292312e-001	-5.195640e-001
5.331071997873384e-011	3.300575e-001	-5.427183e-001
5.431071997873385e-011	3.308636e-001	-5.662073e-001
5.531071997873385e-011	3.316552e-001	-5.900095e-001
5.631071997873385e-011	3.324345e-001	-6.141032e-001
5.731071997873385e-011	3.332023e-001	-6.384662e-001
5.831071997873385e-011	3.339587e-001	-6.630759e-001
5.931071997873385e-011	3.347033e-001	-6.879093e-001
6.031071997873384e-011	3.354360e-001	-7.129430e-001
6.231071997873384e-011	3.368644e-001	-7.635168e-001
6.431071997873383e-011	3.382420e-001	-8.146055e-001
6.631071997873382e-011	3.395679e-001	-8.660141e-001
6.831071997873382e-011	3.408414e-001	-9.175460e-001
7.131071997873381e-011	3.426534e-001	-9.946433e-001
7.431071997873380e-011	3.443488e-001	-1.070910e+000
7.731071997873379e-011	3.459293e-001	-1.145694e+000
8.031071997873378e-011	3.473980e-001	-1.218358e+000
8.331071997873377e-011	3.487580e-001	-1.288295e+000
8.631071997873375e-011	3.500125e-001	-1.354925e+000
8.931071997873374e-011	3.511648e-001	-1.417711e+000
9.173929140730516e-011	3.520214e-001	-1.465833e+000
9.416786283587658e-011	3.528186e-001	-1.510395e+000
9.659643426444801e-011	3.535565e-001	-1.551398e+000
9.902500569301943e-011	3.542350e-001	-1.588842e+000
1.014535771215908e-010	3.548542e-001	-1.622727e+000
1.038821485501623e-010	3.554140e-001	-1.653052e+000
1.063107199787337e-010	3.559145e-001	-1.679818e+000
1.078821485501623e-010	3.562107e-001	-1.694761e+000
1.094535771215908e-010	3.564849e-001	-1.707968e+000
1.110250056930194e-010	3.567370e-001	-1.719440e+000
1.125964342644480e-010	3.569672e-001	-1.729176e+000
1.141678628358765e-010	3.571753e-001	-1.737177e+000
1.157392914073051e-010	3.573613e-001	-1.743443e+000
1.173107199787337e-010	3.575253e-001	-1.747973e+000
1.193107199787337e-010	3.577042e-001	-1.751205e+000
1.203107199787337e-010	3.577807e-001	-1.751769e+000
1.213107199787337e-010	3.578488e-001	-1.751637e+000
1.233107199787336e-010	3.579596e-001	-1.749299e+000
1.263107199787336e-010	3.580626e-001	-1.740682e+000
1.293107199787336e-010	3.580905e-001	-1.726084e+000
1.323107199787336e-010	3.580431e-001	-1.705710e+000
1.338821485501622e-010	3.579887e-001	-1.692706e+000
1.354535771215907e-010	3.579134e-001	-1.678326e+000
1.370250056930193e-010	3.578170e-001	-1.662571e+000
1.385964342644479e-010	3.576996e-001	-1.645440e+000
1.401678628358764e-010	3.575612e-001	-1.626935e+000
1.417392914073050e-010	3.574018e-001	-1.607054e+000
1.433107199787336e-010	3.572215e-001	-1.585798e+000
1.457392914073050e-010	3.569040e-001	-1.550284e+000
1.481678628358764e-010	3.565295e-001	-1.512511e+000
1.505964342644478e-010	3.560978e-001	-1.472479e+000
1.530250056930193e-010	3.556091e-001	-1.430189e+000
1.554535771215907e-010	3.550633e-001	-1.385639e+000
1.578821485501621e-010	3.544604e-001	-1.338830e+000
1.603107199787335e-010	3.538004e-001	-1.289762e+000
1.624535771215907e-010	3.531678e-001	-1.245253e+000
1.645964342644478e-010	3.524731e-001	-1.199875e+000
1.667392914073049e-010	3.517164e-001	-1.153630e+000
1.688821485501621e-010	3.508976e-001	-1.106517e+000
1.710250056930192e-010	3.500167e-001	-1.058535e+000
1.731678628358763e-010	3.490738e-001	-1.009686e+000
1.753107199787335e-010	3.480688e-001	-9.599687e-001
1.763107199787335e-010	3.475688e-001	-9.367038e-001
1.773107199787335e-010	3.470510e-001	-9.133335e-001
1.783107199787335e-010	3.465148e-001	-8.898663e-001
1.793107199787335e-010	3.459596e-001	-8.663102e-001
1.803107199787334e-010	3.453845e-001	-8.426731e-001
1.813107199787334e-010	3.447886e-001	-8.189624e-001
1.823107199787334e-010	3.441712e-001	-7.951854e-001
1.843107199787334e-010	3.428671e-001	-7.474597e-001
1.853107199787334e-010	3.421783e-001	-7.235240e-001
1.863107199787334e-010	3.414633e-001	-6.995478e-001
1.873107199787334e-010	3.407210e-001	-6.755368e-001
1.883107199787334e-010	3.399496e-001	-6.514966e-001
1.893107199787334e-010	3.391477e-001	-6.274322e-001
1.903107199787334e-010	3.383133e-001	-6.033484e-001
1.913107199787334e-010	3.374449e-001	-5.792500e-001
1.923107199787334e-010	3.365400e-001	-5.551412e-001
1.933107199787334e-010	3.355966e-001	-5.310261e-001
1.943107199787334e-010	3.346119e-001	-5.069084e-001
1.953107199787334e-010	3.335832e-001	-4.827917e-001
1.963107199787334e-010	3.325075e-001	-4.586792e-001
1.973107199787334e-010	3.313813e-001	-4.345741e-001
1.983107199787334e-010	3.302008e-001	-4.104790e-001
1.993107199787334e-010	3.289618e-001	-3.863967e-001
2.003107199787334e-010	3.276595e-001	-3.623293e-001
2.013107199787334e-010	3.262886e-001	-3.382792e-001
2.023107199787334e-010	3.248433e-001	-3.142482e-001
2.033107199787334e-010	3.233168e-001	-2.902381e-001
2.043107199787334e-010	3.217014e-001	-2.662504e-001
2.053107199787334e-010	3.199886e-001	-2.422867e-001
2.063107199787334e-010	3.181686e-001	-2.183481e-001
2.073107199787334e-010	3.162302e-001	-1.944358e-001
2.083107199787334e-010	3.141607e-001	-1.705508e-001
2.093107199787333e-010	3.119454e-001	-1.466938e-001
2.103107199787333e-010	3.095674e-001	-1.228656e-001
2.113107199787333e-010	3.070074e-001	-9.906703e-002
2.123107199787333e-010	3.042428e-001	-7.529846e-002
2.133107199787333e-010	3.012481e-001	-5.156043e-002
2.143107199787333e-010	2.979933e-001	-2.785343e-002
2.153107199787333e-010	2.944440e-001	-4.177898e-003
2.163107199787333e-010	2.905610e-001	1.946574e-002
2.173107199787333e-010	2.862996e-001	4.307684e-002
2.183107199787333e-010	2.816088e-001	6.665459e-002
2.193107199787333e-010	2.764320e-001	9.019744e-002
2.203107199787333e-010	2.707065e-001	1.137024e-001
2.213107199787333e-010	2.643554e-001	1.371612e-001
2.223107199787333e-010	2.572908e-001	1.605544e-001
2.233107199787333e-010	2.494451e-001	1.838418e-001
2.243107199787333e-010	2.407666e-001	2.069369e-001
2.253107199787333e-010	2.311943e-001	2.296506e-001
2.263107199787333e-010	2.206671e-001	2.515963e-001
2.273107199787333e-010	2.091342e-001	2.720745e-001
2.283107199787333e-010	1.965564e-001	2.900565e-001
2.293107199787333e-010	1.829062e-001	3.044713e-001
2.303107199787333e-010	1.681679e-001	3.147661e-001
2.313107199787333e-010	1.523363e-001	3.212700e-001
2.323107199787333e-010	1.354156e-001	3.249710e-001
2.333107199787333e-010	1.174173e-001	3.269493e-001
2.343107199787333e-010	9.835686e-002	3.279965e-001
2.353107199787333e-010	7.825320e-002	3.285855e-001
2.363107199787333e-010	5.712963e-002	3.289772e-001
2.373107199787333e-010	3.501235e-002	3.292998e-001
2.383107199787333e-010	1.192920e-002	3.296105e-001
2.393107199787333e-010	-1.209049e-002	3.299345e-001
2.403107199787333e-010	-3.701610e-002	3.302820e-001
2.413107199787333e-010	-6.281587e-002	3.306564e-001
2.423107199787333e-010	-8.945696e-002	3.310578e-001
2.433107199787333e-010	-1.169055e-001	3.314849e-001
2.443107199787333e-010	-1.451267e-001	3.319356e-001
2.453107199787332e-010	-1.740848e-001	3.324077e-001
2.463107199787332e-010	-2.037434e-001	3.328990e-001
2.473107199787332e-010	-2.340653e-001	3.334070e-001
2.483107199787332e-010	-2.650124e-001	3.339297e-001
2.493107199787332e-010	-2.965463e-001	3.344647e-001
2.503107199787332e-010	-3.286276e-001	3.350102e-001
2.513107199787332e-010	-3.612170e-001	3.355641e-001
2.523107199787332e-010	-3.942741e-001	3.361246e-001
2.533107199787332e-010	-4.277587e-001	3.366902e-001
2.543107199787332e-010	-4.616298e-001	3.372592e-001
2.553107199787332e-010	-4.958466e-001	3.378302e-001
2.563107199787332e-010	-5.303679e-001	3.384018e-001
2.573107199787332e-010	-5.651522e-001	3.389730e-001
2.583107199787332e-010	-6.001583e-001	3.395425e-001
2.593107199787332e-010	-6.353447e-001	3.401093e-001
2.603107199787332e-010	-6.706702e-001	3.406726e-001
2.613107199787332e-010	-7.060937e-001	3.412315e-001
2.623107199787332e-010	-7.415741e-001	3.417853e-001
2.633107199787332e-010	-7.770707e-001	3.423334e-001
2.643107199787332e-010	-8.125430e-001	3.428750e-001
2.653107199787332e-010	-8.479510e-001	3.434098e-001
2.663107199787332e-010	-8.832550e-001	3.439372e-001
2.673107199787332e-010	-9.184159e-001	3.444568e-001
2.693107199787332e-010	-9.881539e-001	3.454713e-001
2.713107199787332e-010	-1.056863e+000	3.464509e-001
2.733107199787332e-010	-1.124251e+000	3.473937e-001
2.763107199787331e-010	-1.222248e+000	3.487366e-001
2.793107199787331e-010	-1.315762e+000	3.499915e-001
2.823107199787331e-010	-1.403984e+000	3.511574e-001
2.853107199787331e-010	-1.486190e+000	3.522341e-001
2.883107199787331e-010	-1.561744e+000	3.532225e-001
2.913107199787331e-010	-1.630108e+000	3.541242e-001
2.943107199787331e-010	-1.690839e+000	3.549406e-001
2.973107199787331e-010	-1.743594e+000	3.556738e-001
3.003107199787331e-010	-1.788130e+000	3.563259e-001
3.017392914073045e-010	-1.806393e+000	3.566080e-001
3.031678628358759e-010	-1.822754e+000	3.568729e-001
3.045964342644473e-010	-1.837213e+000	3.571206e-001
3.060250056930188e-010	-1.849771e+000	3.573513e-001
3.074535771215902e-010	-1.860427e+000	3.575648e-001
3.088821485501616e-010	-1.869181e+000	3.577612e-001
3.103107199787330e-010	-1.876034e+000	3.579405e-001
3.123107199787330e-010	-1.882535e+000	3.581649e-001
3.133107199787330e-010	-1.884438e+000	3.582652e-001
3.143107199787330e-010	-1.885456e+000	3.583576e-001
3.153107199787330e-010	-1.885598e+000	3.584423e-001
3.163107199787330e-010	-1.884875e+000	3.585193e-001
3.173107199787330e-010	-1.883300e+000	3.585888e-001
3.193107199787330e-010	-1.877643e+000	3.587048e-001
3.213107199787330e-010	-1.868735e+000	3.587911e-001
3.233107199787330e-010	-1.856699e+000	3.588477e-001
3.253107199787330e-010	-1.841662e+000	3.588753e-001
3.263107199787330e-010	-1.833062e+000	3.588781e-001
3.283107199787330e-010	-1.813787e+000	3.588624e-001
3.313107199787330e-010	-1.779969e+000	3.587854e-001
3.343107199787329e-010	-1.740727e+000	3.586447e-001
3.363107199787329e-010	-1.711819e+000	3.585157e-001
3.383107199787329e-010	-1.680902e+000	3.583583e-001
3.403107199787329e-010	-1.647750e+000	3.581737e-001
3.423107199787329e-010	-1.613305e+000	3.579598e-001
3.443107199787329e-010	-1.577569e+000	3.577165e-001
3.463107199787329e-010	-1.540541e+000	3.574439e-001
3.483107199787329e-010	-1.502222e+000	3.571419e-001
3.503107199787329e-010	-1.462610e+000	3.568105e-001
3.523107199787329e-010	-1.421707e+000	3.564497e-001
3.553107199787329e-010	-1.359510e+000	3.558480e-001
3.573107199787329e-010	-1.317294e+000	3.554060e-001
3.593107199787329e-010	-1.274621e+000	3.549303e-001
3.603107199787329e-010	-1.253148e+000	3.546795e-001
3.613107199787328e-010	-1.231603e+000	3.544196e-001
3.623107199787328e-010	-1.209998e+000	3.541505e-001
3.633107199787328e-010	-1.188346e+000	3.538723e-001
3.643107199787328e-010	-1.166659e+000	3.535845e-001
3.653107199787328e-010	-1.144948e+000	3.532871e-001
3.663107199787328e-010	-1.123223e+000	3.529795e-001
3.673107199787328e-010	-1.101495e+000	3.526617e-001
3.683107199787328e-010	-1.079772e+000	3.523335e-001
3.693107199787328e-010	-1.058065e+000	3.519945e-001
3.703107199787328e-010	-1.036382e+000	3.516445e-001
3.713107199787328e-010	-1.014730e+000	3.512830e-001
3.723107199787328e-010	-9.931158e-001	3.509097e-001
3.733107199787328e-010	-9.715471e-001	3.505243e-001
3.743107199787328e-010	-9.500294e-001	3.501264e-001
3.753107199787328e-010	-9.285684e-001	3.497155e-001
3.763107199787328e-010	-9.071688e-001	3.492913e-001
3.773107199787328e-010	-8.858350e-001	3.488534e-001
3.783107199787328e-010	-8.645709e-001	3.484010e-001
3.793107199787328e-010	-8.433797e-001	3.479337e-001
3.803107199787328e-010	-8.222640e-001	3.474510e-001
3.813107199787328e-010	-8.012260e-001	3.469523e-001
3.823107199787328e-010	-7.802675e-001	3.464368e-001
3.833107199787328e-010	-7.593895e-001	3.459040e-001
3.843107199787328e-010	-7.385929e-001	3.453529e-001
3.853107199787328e-010	-7.178776e-001	3.447828e-001
3.863107199787328e-010	-6.972434e-001	3.441931e-001
3.873107199787328e-010	-6.766898e-001	3.435825e-001
3.883107199787328e-010	-6.562154e-001	3.429501e-001
3.893107199787328e-010	-6.358187e-001	3.422949e-001
3.903107199787327e-010	-6.154978e-001	3.416157e-001
3.913107199787327e-010	-5.952502e-001	3.409112e-001
3.923107199787327e-010	-5.750733e-001	3.401800e-001
3.933107199787327e-010	-5.549640e-001	3.394207e-001
3.943107199787327e-010	-5.349188e-001	3.386317e-001
3.953107199787327e-010	-5.149341e-001	3.378113e-001
3.963107199787327e-010	-4.950059e-001	3.369573e-001
3.973107199787327e-010	-4.751299e-001	3.360679e-001
3.983107199787327e-010	-4.553016e-001	3.351407e-001
3.993107199787327e-010	-4.355161e-001	3.341732e-001
4.003107199787327e-010	-4.157687e-001	3.331626e-001
4.013107199787327e-010	-3.960541e-001	3.321058e-001
4.023107199787327e-010	-3.763669e-001	3.309994e-001
4.033107199787327e-010	-3.567019e-001	3.298397e-001
4.043107199787327e-010	-3.370534e-001	3.286225e-001
4.053107199787327e-010	-3.174157e-001	3.273430e-001
4.063107199787327e-010	-2.977830e-001	3.259962e-001
4.073107199787327e-010	-2.781495e-001	3.245760e-001
4.083107199787327e-010	-2.585094e-001	3.230758e-001
4.093107199787327e-010	-2.388568e-001	3.214882e-001
4.103107199787327e-010	-2.191858e-001	3.198046e-001
4.113107199787327e-010	-1.994906e-001	3.180156e-001
4.123107199787327e-010	-1.797654e-001	3.161099e-001
4.133107199787327e-010	-1.600044e-001	3.140752e-001
4.143107199787327e-010	-1.402021e-001	3.118970e-001
4.153107199787327e-010	-1.203528e-001	3.095586e-001
4.163107199787327e-010	-1.004512e-001	3.070412e-001
4.173107199787327e-010	-8.049202e-002	3.043226e-001
4.183107199787327e-010	-6.047019e-002	3.013776e-001
4.193107199787326e-010	-4.038087e-002	2.981768e-001
4.203107199787326e-010	-2.021942e-002	2.946866e-001
4.213107199787326e-010	1.862645e-005	2.908683e-001
4.223107199787326e-010	2.033734e-002	2.866778e-001
4.233107199787326e-010	4.074040e-002	2.820650e-001
4.243107199787326e-010	6.123114e-002	2.769737e-001
4.253107199787326e-010	8.181210e-002	2.713420e-001
4.263107199787326e-010	1.024847e-001	2.651025e-001
4.273107199787326e-010	1.232483e-001	2.581840e-001
4.283107199787326e-010	1.440985e-001	2.505128e-001
4.293107199787326e-010	1.650227e-001	2.420159e-001
4.303107199787326e-010	1.859925e-001	2.326234e-001
4.313107199787326e-010	2.069455e-001	2.222725e-001
4.323107199787326e-010	2.277196e-001	2.109048e-001
4.333107199787326e-010	2.479701e-001	1.984714e-001
4.343107199787326e-010	2.671419e-001	1.849466e-001
4.353107199787326e-010	2.844424e-001	1.703232e-001
4.363107199787326e-010	2.989396e-001	1.545975e-001
4.373107199787326e-010	3.099577e-001	1.377708e-001
4.383107199787326e-010	3.174989e-001	1.198531e-001
4.393107199787326e-010	3.222121e-001	1.008601e-001
4.403107199787326e-010	3.249511e-001	8.081107e-002
4.413107199787326e-010	3.264802e-001	5.972803e-002
4.423107199787326e-010	3.273846e-001	3.763647e-002
4.433107199787326e-010	3.280084e-001	1.456413e-002
4.443107199787326e-010	3.285148e-001	-9.459803e-003
4.453107199787326e-010	3.289825e-001	-3.440476e-002
4.463107199787326e-010	3.294470e-001	-6.023898e-002
4.473107199787326e-010	3.299237e-001	-8.692957e-002
4.483107199787325e-010	3.304184e-001	-1.144426e-001
4.493107199787325e-010	3.309325e-001	-1.427431e-001
4.503107199787325e-010	3.314649e-001	-1.717953e-001
4.513107199787325e-010	3.320141e-001	-2.015624e-001
4.523107199787325e-010	3.325778e-001	-2.320070e-001
4.533107199787325e-010	3.331540e-001	-2.630908e-001
4.543107199787325e-010	3.337404e-001	-2.947749e-001
4.553107199787325e-010	3.343351e-001	-3.270199e-001
4.563107199787325e-010	3.349360e-001	-3.597858e-001
4.573107199787325e-010	3.355414e-001	-3.930320e-001
4.583107199787325e-010	3.361496e-001	-4.267176e-001
4.593107199787325e-010	3.367592e-001	-4.608014e-001
4.603107199787325e-010	3.373686e-001	-4.952419e-001
4.613107199787325e-010	3.379767e-001	-5.299974e-001
4.623107199787325e-010	3.385823e-001	-5.650260e-001
4.633107199787325e-010	3.391844e-001	-6.002858e-001
4.643107199787325e-010	3.397820e-001	-6.357347e-001
4.653107199787325e-010	3.403743e-001	-6.713309e-001
4.663107199787325e-010	3.409606e-001	-7.070327e-001
4.673107199787325e-010	3.415402e-001	-7.427983e-001
4.683107199787325e-010	3.421124e-001	-7.785864e-001
4.693107199787325e-010	3.426768e-001	-8.143558e-001
4.703107199787325e-010	3.432330e-001	-8.500658e-001
4.713107199787325e-010	3.437804e-001	-8.856759e-001
4.723107199787325e-010	3.443189e-001	-9.211464e-001
4.733107199787325e-010	3.448480e-001	-9.564377e-001
4.753107199787325e-010	3.458772e-001	-1.026328e+000
4.773107199787324e-010	3.468666e-001	-1.095045e+000
4.803107199787324e-010	3.482736e-001	-1.195283e+000
4.833107199787324e-010	3.495862e-001	-1.291298e+000
4.863107199787324e-010	3.508042e-001	-1.382235e+000
4.893107199787324e-010	3.519280e-001	-1.467321e+000
4.923107199787324e-010	3.529588e-001	-1.545875e+000
4.953107199787324e-010	3.538984e-001	-1.617309e+000
4.983107199787324e-010	3.547489e-001	-1.681134e+000
5.013107199787324e-010	3.555126e-001	-1.736962e+000
5.043107199787324e-010	3.561918e-001	-1.784504e+000
5.073107199787323e-010	3.567889e-001	-1.823573e+000
5.085964342644466e-010	3.570198e-001	-1.837682e+000
5.098821485501609e-010	3.572367e-001	-1.850228e+000
5.111678628358752e-010	3.574396e-001	-1.861212e+000
5.124535771215895e-010	3.576285e-001	-1.870632e+000
5.137392914073038e-010	3.578034e-001	-1.878489e+000
5.150250056930180e-010	3.579642e-001	-1.884783e+000
5.163107199787323e-010	3.581110e-001	-1.889514e+000
5.173107199787323e-010	3.582162e-001	-1.892157e+000
5.183107199787323e-010	3.583133e-001	-1.893888e+000
5.193107199787323e-010	3.584024e-001	-1.894715e+000
5.203107199787323e-010	3.584836e-001	-1.894649e+000
5.213107199787323e-010	3.585569e-001	-1.893702e+000
5.223107199787323e-010	3.586225e-001	-1.891885e+000
5.243107199787323e-010	3.587304e-001	-1.885695e+000
5.263107199787323e-010	3.588077e-001	-1.876190e+000
5.283107199787323e-010	3.588549e-001	-1.863492e+000
5.303107199787323e-010	3.588723e-001	-1.847735e+000
5.323107199787323e-010	3.588603e-001	-1.829059e+000
5.353107199787322e-010	3.587873e-001	-1.795897e+000
5.383107199787322e-010	3.586494e-001	-1.757026e+000
5.403107199787322e-010	3.585213e-001	-1.728210e+000
5.423107199787322e-010	3.583645e-001	-1.697265e+000
5.443107199787322e-010	3.581798e-001	-1.663953e+000
5.463107199787322e-010	3.579653e-001	-1.629252e+000
5.483107199787322e-010	3.577210e-001	-1.593164e+000
5.503107199787322e-010	3.574469e-001	-1.555688e+000
5.523107199787322e-010	3.571431e-001	-1.516824e+000
5.543107199787322e-010	3.568095e-001	-1.476572e+000
5.563107199787322e-010	3.564460e-001	-1.434932e+000
5.593107199787322e-010	3.558397e-001	-1.371523e+000
5.613107199787322e-010	3.553944e-001	-1.328424e+000
5.633107199787322e-010	3.549150e-001	-1.284816e+000
5.643107199787321e-010	3.546622e-001	-1.262859e+000
5.653107199787321e-010	3.544004e-001	-1.240821e+000
5.663107199787321e-010	3.541296e-001	-1.218714e+000
5.673107199787321e-010	3.538493e-001	-1.196552e+000
5.683107199787321e-010	3.535594e-001	-1.174349e+000
5.693107199787321e-010	3.532597e-001	-1.152116e+000
5.703107199787321e-010	3.529500e-001	-1.129866e+000
5.713107199787321e-010	3.526301e-001	-1.107608e+000
5.723107199787321e-010	3.522997e-001	-1.085355e+000
5.733107199787321e-010	3.519585e-001	-1.063115e+000
5.743107199787321e-010	3.516061e-001	-1.040898e+000
5.753107199787321e-010	3.512422e-001	-1.018713e+000
5.763107199787321e-010	3.508667e-001	-9.965688e-001
5.773107199787321e-010	3.504789e-001	-9.744719e-001
5.783107199787321e-010	3.500788e-001	-9.524297e-001
5.793107199787321e-010	3.496656e-001	-9.304484e-001
5.803107199787321e-010	3.492391e-001	-9.085341e-001
5.813107199787321e-010	3.487986e-001	-8.866918e-001
5.823107199787321e-010	3.483438e-001	-8.649261e-001
5.833107199787321e-010	3.478744e-001	-8.432412e-001
5.843107199787321e-010	3.473893e-001	-8.216406e-001
5.853107199787321e-010	3.468883e-001	-8.001273e-001
5.863107199787321e-010	3.463706e-001	-7.787035e-001
5.873107199787321e-010	3.458353e-001	-7.573713e-001
5.883107199787321e-010	3.452820e-001	-7.361319e-001
5.893107199787321e-010	3.447096e-001	-7.149863e-001
5.903107199787321e-010	3.441175e-001	-6.939347e-001
5.913107199787321e-010	3.435047e-001	-6.729770e-001
5.923107199787321e-010	3.428701e-001	-6.521126e-001
5.933107199787320e-010	3.422127e-001	-6.313405e-001
5.943107199787320e-010	3.415314e-001	-6.106592e-001
5.953107199787320e-010	3.408247e-001	-5.900669e-001
5.963107199787320e-010	3.400916e-001	-5.695610e-001
5.973107199787320e-010	3.393301e-001	-5.491392e-001
5.983107199787320e-010	3.385391e-001	-5.287982e-001
5.993107199787320e-010	3.377167e-001	-5.085347e-001
6.003107199787320e-010	3.368608e-001	-4.883449e-001
6.013107199787320e-010	3.359695e-001	-4.682248e-001
6.023107199787320e-010	3.350404e-001	-4.481702e-001
6.033107199787320e-010	3.340711e-001	-4.281765e-001
6.043107199787320e-010	3.330587e-001	-4.082389e-001
6.053107199787320e-010	3.320001e-001	-3.883522e-001
6.063107199787320e-010	3.308920e-001	-3.685115e-001
6.073107199787320e-010	3.297307e-001	-3.487110e-001
6.083107199787320e-010	3.285119e-001	-3.289454e-001
6.093107199787320e-010	3.272309e-001	-3.092090e-001
6.103107199787320e-010	3.258826e-001	-2.894959e-001
6.113107199787320e-010	3.244609e-001	-2.698001e-001
6.123107199787320e-010	3.229594e-001	-2.501158e-001
6.133107199787320e-010	3.213706e-001	-2.304368e-001
6.143107199787320e-010	3.196859e-001	-2.107572e-001
6.153107199787320e-010	3.178958e-001	-1.910709e-001
6.163107199787320e-010	3.159892e-001	-1.713719e-001
6.173107199787320e-010	3.139537e-001	-1.516542e-001
6.183107199787320e-010	3.117748e-001	-1.319118e-001
6.193107199787320e-010	3.094362e-001	-1.121389e-001
6.203107199787320e-010	3.069185e-001	-9.232977e-002
6.213107199787320e-010	3.042002e-001	-7.247874e-002
6.223107199787319e-010	3.012557e-001	-5.258045e-002
6.233107199787319e-010	2.980560e-001	-3.262952e-002
6.243107199787319e-010	2.945675e-001	-1.262096e-002
6.253107199787319e-010	2.907517e-001	7.450193e-003
6.263107199787319e-010	2.865646e-001	2.758834e-002
6.273107199787319e-010	2.819564e-001	4.779774e-002
6.283107199787319e-010	2.768714e-001	6.808209e-002
6.293107199787319e-010	2.712478e-001	8.844426e-002
6.303107199787319e-010	2.650187e-001	1.088859e-001
6.313107199787319e-010	2.581133e-001	1.294061e-001
6.323107199787319e-010	2.504585e-001	1.499996e-001
6.333107199787319e-010	2.419816e-001	1.706516e-001
6.343107199787319e-010	2.326136e-001	1.913284e-001
6.353107199787319e-010	2.222860e-001	2.119394e-001
6.363107199787319e-010	2.109368e-001	2.322853e-001
6.373107199787319e-010	1.985287e-001	2.520216e-001
6.383107199787319e-010	1.850450e-001	2.705837e-001
6.393107199787319e-010	1.704715e-001	2.871472e-001
6.403107199787319e-010	1.548001e-001	3.008206e-001
6.413107199787319e-010	1.380326e-001	3.110524e-001
6.423107199787319e-010	1.201787e-001	3.179654e-001
6.433107199787319e-010	1.012538e-001	3.222564e-001
6.443107199787319e-010	8.127694e-002	3.247573e-001
6.453107199787319e-010	6.026991e-002	3.261759e-001
6.463107199787319e-010	3.825791e-002	3.270369e-001
6.473107199787319e-010	1.526843e-002	3.276465e-001
6.483107199787319e-010	-8.669597e-003	3.281516e-001
6.493107199787319e-010	-3.352585e-002	3.286232e-001
6.503107199787319e-010	-5.926883e-002	3.290940e-001
6.513107199787318e-010	-8.586589e-002	3.295780e-001
6.523107199787318e-010	-1.132833e-001	3.300805e-001
6.533107199787318e-010	-1.414865e-001	3.306024e-001
6.543107199787318e-010	-1.704398e-001	3.311430e-001
6.553107199787318e-010	-2.001068e-001	3.317003e-001
6.563107199787318e-010	-2.304502e-001	3.322721e-001
6.573107199787318e-010	-2.614321e-001	3.328563e-001
6.583107199787318e-010	-2.930137e-001	3.334506e-001
6.593107199787318e-010	-3.251560e-001	3.340531e-001
6.603107199787318e-010	-3.578191e-001	3.346617e-001
6.613107199787318e-010	-3.909627e-001	3.352746e-001
6.623107199787318e-010	-4.245461e-001	3.358902e-001
6.633107199787318e-010	-4.585284e-001	3.365069e-001
6.643107199787318e-010	-4.928683e-001	3.371234e-001
6.653107199787318e-010	-5.275243e-001	3.377384e-001
6.663107199787318e-010	-5.624547e-001	3.383506e-001
6.673107199787318e-010	-5.976178e-001	3.389591e-001
6.683107199787318e-010	-6.329719e-001	3.395630e-001
6.693107199787318e-010	-6.684752e-001	3.401613e-001
6.703107199787318e-010	-7.040861e-001	3.407535e-001
6.713107199787318e-010	-7.397632e-001	3.413387e-001
6.723107199787318e-010	-7.754652e-001	3.419164e-001
6.733107199787318e-010	-8.111514e-001	3.424862e-001
6.743107199787318e-010	-8.467809e-001	3.430475e-001
6.753107199787318e-010	-8.823135e-001	3.435999e-001
6.763107199787318e-010	-9.177097e-001	3.441432e-001
6.773107199787318e-010	-9.529300e-001	3.446770e-001
6.793107199787318e-010	-1.022689e+000	3.457151e-001
6.813107199787317e-010	-1.091289e+000	3.467128e-001
6.843107199787317e-010	-1.191382e+000	3.481314e-001
6.873107199787317e-010	-1.287288e+000	3.494547e-001
6.903107199787317e-010	-1.378156e+000	3.506824e-001
6.933107199787317e-010	-1.463214e+000	3.518151e-001
6.963107199787317e-010	-1.541780e+000	3.528542e-001
6.993107199787317e-010	-1.613268e+000	3.538015e-001
7.023107199787317e-010	-1.677185e+000	3.546593e-001
7.053107199787317e-010	-1.733143e+000	3.554296e-001
7.083107199787317e-010	-1.780852e+000	3.561152e-001
7.113107199787316e-010	-1.820123e+000	3.567182e-001
7.125964342644459e-010	-1.834328e+000	3.569517e-001
7.138821485501602e-010	-1.846976e+000	3.571711e-001
7.151678628358745e-010	-1.858066e+000	3.573764e-001
7.164535771215888e-010	-1.867597e+000	3.575676e-001
7.177392914073030e-010	-1.875570e+000	3.577447e-001
7.190250056930173e-010	-1.881984e+000	3.579078e-001
7.203107199787316e-010	-1.886841e+000	3.580567e-001
7.213107199787316e-010	-1.889583e+000	3.581635e-001
7.223107199787316e-010	-1.891415e+000	3.582623e-001
7.233107199787316e-010	-1.892346e+000	3.583530e-001
7.243107199787316e-010	-1.892386e+000	3.584359e-001
7.253107199787316e-010	-1.891546e+000	3.585108e-001
7.263107199787316e-010	-1.889838e+000	3.585780e-001
7.283107199787316e-010	-1.883869e+000	3.586888e-001
7.303107199787316e-010	-1.874590e+000	3.587692e-001
7.323107199787316e-010	-1.862123e+000	3.588193e-001
7.343107199787316e-010	-1.846597e+000	3.588395e-001
7.353107199787316e-010	-1.837731e+000	3.588384e-001
7.373107199787316e-010	-1.817882e+000	3.588145e-001
7.403107199787315e-010	-1.783104e+000	3.587239e-001
7.433107199787315e-010	-1.742791e+000	3.585682e-001
7.443107199787315e-010	-1.728218e+000	3.585019e-001
7.463107199787315e-010	-1.697492e+000	3.583477e-001
7.483107199787315e-010	-1.664396e+000	3.581653e-001
7.503107199787315e-010	-1.629903e+000	3.579532e-001
7.523107199787315e-010	-1.594014e+000	3.577113e-001
7.543107199787315e-010	-1.556728e+000	3.574395e-001
7.563107199787315e-010	-1.518047e+000	3.571380e-001
7.583107199787315e-010	-1.477969e+000	3.568067e-001
7.603107199787315e-010	-1.436495e+000	3.564456e-001
7.633107199787315e-010	-1.373313e+000	3.558426e-001
7.653107199787315e-010	-1.330352e+000	3.553996e-001
7.673107199787314e-010	-1.286870e+000	3.549225e-001
7.683107199787314e-010	-1.264973e+000	3.546708e-001
7.693107199787314e-010	-1.242991e+000	3.544101e-001
7.703107199787314e-010	-1.220937e+000	3.541403e-001
7.713107199787314e-010	-1.198826e+000	3.538610e-001
7.723107199787314e-010	-1.176671e+000	3.535721e-001
7.733107199787314e-010	-1.154483e+000	3.532737e-001
7.743107199787314e-010	-1.132274e+000	3.529652e-001
7.753107199787314e-010	-1.110055e+000	3.526465e-001
7.763107199787314e-010	-1.087838e+000	3.523171e-001
7.773107199787314e-010	-1.065632e+000	3.519771e-001
7.783107199787314e-010	-1.043445e+000	3.516257e-001
7.793107199787314e-010	-1.021288e+000	3.512631e-001
7.803107199787314e-010	-9.991689e-001	3.508887e-001
7.813107199787314e-010	-9.770942e-001	3.505023e-001
7.823107199787314e-010	-9.550715e-001	3.501033e-001
7.833107199787314e-010	-9.331072e-001	3.496912e-001
7.843107199787314e-010	-9.112072e-001	3.492661e-001
7.853107199787314e-010	-8.893766e-001	3.488269e-001
7.863107199787314e-010	-8.676203e-001	3.483735e-001
7.873107199787314e-010	-8.459423e-001	3.479053e-001
7.883107199787314e-010	-8.243462e-001	3.474215e-001
7.893107199787314e-010	-8.028350e-001	3.469219e-001
7.903107199787314e-010	-7.814111e-001	3.464056e-001
7.913107199787314e-010	-7.600765e-001	3.458719e-001
7.923107199787314e-010	-7.388327e-001	3.453201e-001
7.933107199787314e-010	-7.176805e-001	3.447493e-001
7.943107199787314e-010	-6.966204e-001	3.441588e-001
7.953107199787313e-010	-6.756522e-001	3.435477e-001
7.963107199787313e-010	-6.547756e-001	3.429148e-001
7.973107199787313e-010	-6.339895e-001	3.422592e-001
7.983107199787313e-010	-6.132924e-001	3.415796e-001
7.993107199787313e-010	-5.926826e-001	3.408750e-001
8.003107199787313e-010	-5.721579e-001	3.401438e-001
8.013107199787313e-010	-5.517156e-001	3.393845e-001
8.023107199787313e-010	-5.313528e-001	3.385957e-001
8.033107199787313e-010	-5.110662e-001	3.377756e-001
8.043107199787313e-010	-4.908521e-001	3.369222e-001
8.053107199787313e-010	-4.707066e-001	3.360336e-001
8.063107199787313e-010	-4.506256e-001	3.351073e-001
8.073107199787313e-010	-4.306044e-001	3.341409e-001
8.083107199787313e-010	-4.106384e-001	3.331316e-001
8.093107199787313e-010	-3.907226e-001	3.320764e-001
8.103107199787313e-010	-3.708519e-001	3.309720e-001
8.113107199787313e-010	-3.510209e-001	3.298146e-001
8.123107199787313e-010	-3.312242e-001	3.285999e-001
8.133107199787313e-010	-3.114561e-001	3.273234e-001
8.143107199787313e-010	-2.917108e-001	3.259800e-001
8.153107199787313e-010	-2.719827e-001	3.245636e-001
8.163107199787313e-010	-2.522657e-001	3.230679e-001
8.173107199787313e-010	-2.325539e-001	3.214853e-001
8.183107199787313e-010	-2.128413e-001	3.198076e-001
8.193107199787313e-010	-1.931219e-001	3.180251e-001
8.203107199787313e-010	-1.733898e-001	3.161270e-001
8.213107199787313e-010	-1.536391e-001	3.141008e-001
8.223107199787313e-010	-1.338638e-001	3.119323e-001
8.233107199787313e-010	-1.140583e-001	3.096053e-001
8.243107199787312e-010	-9.421673e-002	3.071007e-001
8.253107199787312e-010	-7.433364e-002	3.043970e-001
8.263107199787312e-010	-5.440360e-002	3.014690e-001
8.273107199787312e-010	-3.442138e-002	2.982879e-001
8.283107199787312e-010	-1.438195e-002	2.948205e-001
8.293107199787312e-010	5.719453e-003	2.910286e-001
8.303107199787312e-010	2.588740e-002	2.868686e-001
8.313107199787312e-010	4.612598e-002	2.822912e-001
8.323107199787312e-010	6.643891e-002	2.772409e-001
8.333107199787312e-010	8.682911e-002	2.716565e-001
8.343107199787312e-010	1.072982e-001	2.654714e-001
8.353107199787312e-010	1.278456e-001	2.586150e-001
8.363107199787312e-010	1.484664e-001	2.510142e-001
8.373107199787312e-010	1.691466e-001	2.425963e-001
8.383107199787312e-010	1.898543e-001	2.332917e-001
8.393107199787312e-010	2.105202e-001	2.230372e-001
8.403107199787312e-010	2.309673e-001	2.117742e-001
8.413107199787312e-010	2.508252e-001	1.994529e-001
8.423107199787312e-010	2.695158e-001	1.860468e-001
8.433107199787312e-010	2.862461e-001	1.715482e-001
8.443107199787312e-010	3.001293e-001	1.559524e-001
8.453107199787312e-010	3.105784e-001	1.392601e-001
8.463107199787312e-010	3.176778e-001	1.214804e-001
8.473107199787312e-010	3.221024e-001	1.026287e-001
8.483107199787312e-010	3.246838e-001	8.272352e-002
8.493107199787312e-010	3.261430e-001	6.178654e-002
8.503107199787312e-010	3.270217e-001	3.984279e-002
8.513107199787312e-010	3.276378e-001	1.691962e-002
8.523107199787312e-010	3.281442e-001	-6.954105e-003
8.533107199787311e-010	3.286148e-001	-3.174816e-002
8.543107199787311e-010	3.290834e-001	-5.743112e-002
8.553107199787311e-010	3.295650e-001	-8.397041e-002
8.563107199787311e-010	3.300650e-001	-1.113324e-001
8.573107199787311e-010	3.305846e-001	-1.394825e-001
8.583107199787311e-010	3.311228e-001	-1.683852e-001
8.593107199787311e-010	3.316780e-001	-1.980040e-001
8.603107199787311e-010	3.322480e-001	-2.283018e-001
8.613107199787311e-010	3.328305e-001	-2.592406e-001
8.623107199787311e-010	3.334233e-001	-2.907819e-001
8.633107199787311e-010	3.340245e-001	-3.228865e-001
8.643107199787311e-010	3.346319e-001	-3.555145e-001
8.653107199787311e-010	3.352439e-001	-3.886258e-001
8.663107199787311e-010	3.358586e-001	-4.221798e-001
8.673107199787311e-010	3.364746e-001	-4.561353e-001
8.683107199787311e-010	3.370905e-001	-4.904513e-001
8.693107199787311e-010	3.377050e-001	-5.250862e-001
8.703107199787311e-010	3.383169e-001	-5.599983e-001
8.713107199787311e-010	3.389251e-001	-5.951459e-001
8.723107199787311e-010	3.395288e-001	-6.304873e-001
8.733107199787311e-010	3.401271e-001	-6.659809e-001
8.743107199787311e-010	3.407193e-001	-7.015847e-001
8.753107199787311e-010	3.413045e-001	-7.372577e-001
8.763107199787311e-010	3.418824e-001	-7.729584e-001
8.773107199787311e-010	3.424524e-001	-8.086459e-001
8.783107199787311e-010	3.430139e-001	-8.442795e-001
8.793107199787311e-010	3.435666e-001	-8.798190e-001
8.803107199787311e-010	3.441102e-001	-9.152248e-001
8.813107199787311e-010	3.446444e-001	-9.504573e-001
8.833107199787310e-010	3.456833e-001	-1.020249e+000
8.853107199787310e-010	3.466820e-001	-1.088891e+000
8.883107199787310e-010	3.481021e-001	-1.189066e+000
8.913107199787310e-010	3.494271e-001	-1.285075e+000
8.943107199787310e-010	3.506566e-001	-1.376064e+000
8.973107199787310e-010	3.517911e-001	-1.461261e+000
9.003107199787310e-010	3.528321e-001	-1.539981e+000
9.033107199787310e-010	3.537813e-001	-1.611635e+000
9.063107199787310e-010	3.546408e-001	-1.675730e+000
9.093107199787310e-010	3.554131e-001	-1.731874e+000
9.123107199787309e-010	3.561005e-001	-1.779776e+000
9.153107199787309e-010	3.567055e-001	-1.819243e+000
9.167392914073024e-010	3.569647e-001	-1.835018e+000
9.181678628358738e-010	3.572066e-001	-1.848874e+000
9.195964342644452e-010	3.574312e-001	-1.860811e+000
9.210250056930166e-010	3.576385e-001	-1.870828e+000
9.224535771215881e-010	3.578285e-001	-1.878926e+000
9.238821485501595e-010	3.580012e-001	-1.885104e+000
9.253107199787309e-010	3.581567e-001	-1.889363e+000
9.263107199787309e-010	3.582560e-001	-1.891260e+000
9.273107199787309e-010	3.583474e-001	-1.892255e+000
9.283107199787309e-010	3.584307e-001	-1.892358e+000
9.293107199787309e-010	3.585063e-001	-1.891581e+000
9.303107199787309e-010	3.585739e-001	-1.889935e+000
9.323107199787309e-010	3.586860e-001	-1.884088e+000
9.343107199787311e-010	3.587674e-001	-1.874927e+000
9.363107199787313e-010	3.588186e-001	-1.862574e+000
9.383107199787315e-010	3.588400e-001	-1.847158e+000
9.393107199787316e-010	3.588396e-001	-1.838345e+000
9.413107199787318e-010	3.588167e-001	-1.818600e+000
9.443107199787321e-010	3.587278e-001	-1.783968e+000
9.473107199787324e-010	3.585738e-001	-1.743791e+000
9.483107199787325e-010	3.585081e-001	-1.729260e+000
9.503107199787327e-010	3.583549e-001	-1.698615e+000
9.523107199787329e-010	3.581737e-001	-1.665594e+000
9.543107199787331e-010	3.579628e-001	-1.631171e+000
9.563107199787333e-010	3.577221e-001	-1.595346e+000
9.583107199787335e-010	3.574516e-001	-1.558120e+000
9.603107199787337e-010	3.571513e-001	-1.519493e+000
9.623107199787339e-010	3.568213e-001	-1.479464e+000
9.643107199787341e-010	3.564615e-001	-1.438034e+000
9.673107199787344e-010	3.558606e-001	-1.374909e+000
9.693107199787346e-010	3.554189e-001	-1.331980e+000
9.713107199787348e-010	3.549433e-001	-1.288527e+000
9.733107199787350e-010	3.544323e-001	-1.244671e+000
9.743107199787351e-010	3.541633e-001	-1.222628e+000
9.753107199787352e-010	3.538851e-001	-1.200526e+000
9.763107199787353e-010	3.535970e-001	-1.178380e+000
9.773107199787354e-010	3.532994e-001	-1.156199e+000
9.783107199787355e-010	3.529916e-001	-1.133997e+000
9.793107199787356e-010	3.526737e-001	-1.111785e+000
9.803107199787357e-010	3.523453e-001	-1.089573e+000
9.813107199787358e-010	3.520062e-001	-1.067372e+000
9.823107199787359e-010	3.516558e-001	-1.045190e+000
9.833107199787360e-010	3.512942e-001	-1.023036e+000
9.843107199787361e-010	3.509209e-001	-1.000919e+000
9.853107199787362e-010	3.505354e-001	-9.788469e-001
9.863107199787363e-010	3.501375e-001	-9.568259e-001
9.873107199787364e-010	3.497266e-001	-9.348628e-001
9.883107199787365e-010	3.493024e-001	-9.129636e-001
9.893107199787366e-010	3.488646e-001	-8.911334e-001
9.903107199787367e-010	3.484125e-001	-8.693771e-001
9.913107199787368e-010	3.479455e-001	-8.476987e-001
9.923107199787369e-010	3.474631e-001	-8.261019e-001
9.933107199787370e-010	3.469648e-001	-8.045897e-001
9.943107199787371e-010	3.464499e-001	-7.831646e-001
9.953107199787372e-010	3.459176e-001	-7.618286e-001
9.963107199787373e-010	3.453674e-001	-7.405831e-001
9.973107199787374e-010	3.447983e-001	-7.194291e-001
9.983107199787375e-010	3.442094e-001	-6.983671e-001
9.993107199787376e-010	3.436001e-001	-6.773970e-001
1.000310719978738e-009	3.429691e-001	-6.565183e-001
1.001310719978738e-009	3.423153e-001	-6.357301e-001
1.002310719978738e-009	3.416379e-001	-6.150309e-001
1.003310719978738e-009	3.409355e-001	-5.944190e-001
1.004310719978738e-009	3.402065e-001	-5.738923e-001
1.005310719978738e-009	3.394496e-001	-5.534481e-001
1.006310719978738e-009	3.386635e-001	-5.330833e-001
1.007310719978738e-009	3.378461e-001	-5.127950e-001
1.008310719978739e-009	3.369955e-001	-4.925793e-001
1.009310719978739e-009	3.361099e-001	-4.724323e-001
1.010310719978739e-009	3.351869e-001	-4.523499e-001
1.011310719978739e-009	3.342239e-001	-4.323276e-001
1.012310719978739e-009	3.332183e-001	-4.123608e-001
1.013310719978739e-009	3.321671e-001	-3.924442e-001
1.014310719978739e-009	3.310669e-001	-3.725730e-001
1.015310719978739e-009	3.299141e-001	-3.527418e-001
1.016310719978739e-009	3.287044e-001	-3.329451e-001
1.017310719978739e-009	3.274332e-001	-3.131772e-001
1.018310719978740e-009	3.260955e-001	-2.934325e-001
1.019310719978740e-009	3.246855e-001	-2.737052e-001
1.020310719978740e-009	3.231966e-001	-2.539892e-001
1.021310719978740e-009	3.216216e-001	-2.342788e-001
1.022310719978740e-009	3.199521e-001	-2.145678e-001
1.023310719978740e-009	3.181788e-001	-1.948503e-001
1.024310719978740e-009	3.162907e-001	-1.751204e-001
1.025310719978740e-009	3.142757e-001	-1.553721e-001
1.026310719978740e-009	3.121197e-001	-1.355996e-001
1.027310719978740e-009	3.098064e-001	-1.157970e-001
1.028310719978741e-009	3.073174e-001	-9.595871e-002
1.029310719978741e-009	3.046311e-001	-7.607910e-002
1.030310719978741e-009	3.017227e-001	-5.615279e-002
1.031310719978741e-009	2.985638e-001	-3.617451e-002
1.032310719978741e-009	2.951216e-001	-1.613921e-002
1.033310719978741e-009	2.913582e-001	3.957868e-003
1.034310719978741e-009	2.872305e-001	2.412128e-002
1.035310719978741e-009	2.826897e-001	4.435524e-002
1.036310719978741e-009	2.776809e-001	6.466345e-002
1.037310719978741e-009	2.721432e-001	8.504888e-002
1.038310719978742e-009	2.660106e-001	1.055133e-001
1.039310719978742e-009	2.592124e-001	1.260565e-001
1.040310719978742e-009	2.516760e-001	1.466738e-001
1.041310719978742e-009	2.433284e-001	1.673524e-001
1.042310719978742e-009	2.340997e-001	1.880626e-001
1.043310719978742e-009	2.239260e-001	2.087394e-001
1.044310719978742e-009	2.127476e-001	2.292160e-001
1.045310719978742e-009	2.005137e-001	2.491417e-001
1.046310719978742e-009	1.871969e-001	2.679620e-001
1.047310719978742e-009	1.727886e-001	2.849010e-001
1.048310719978743e-009	1.572834e-001	2.990638e-001
1.049310719978743e-009	1.406811e-001	3.098194e-001
1.050310719978743e-009	1.229905e-001	3.171929e-001
1.051310719978743e-009	1.042265e-001	3.218217e-001
1.052310719978743e-009	8.440718e-002	3.245308e-001
1.053310719978743e-009	6.355404e-002	3.260572e-001
1.054310719978743e-009	4.169189e-002	3.269673e-001
1.055310719978743e-009	1.884795e-002	3.275972e-001
1.056310719978743e-009	-4.949026e-003	3.281086e-001
1.057310719978743e-009	-2.966893e-002	3.285803e-001
1.058310719978744e-009	-5.528042e-002	3.290482e-001
1.059310719978744e-009	-8.175102e-002	3.295283e-001
1.060310719978744e-009	-1.090472e-001	3.300265e-001
1.061310719978744e-009	-1.371344e-001	3.305444e-001
1.062310719978744e-009	-1.659771e-001	3.310812e-001
1.063310719978744e-009	-1.955391e-001	3.316350e-001
1.064310719978744e-009	-2.257832e-001	3.322037e-001
1.065310719978744e-009	-2.566716e-001	3.327851e-001
1.066310719978744e-009	-2.881656e-001	3.333772e-001
1.067310719978744e-009	-3.202261e-001	3.339776e-001
1.068310719978745e-009	-3.528135e-001	3.345845e-001
1.069310719978745e-009	-3.858875e-001	3.351960e-001
1.070310719978745e-009	-4.194075e-001	3.358106e-001
1.071310719978745e-009	-4.533325e-001	3.364265e-001
1.072310719978745e-009	-4.876214e-001	3.370423e-001
1.073310719978745e-009	-5.222326e-001	3.376569e-001
1.074310719978745e-009	-5.571245e-001	3.382690e-001
1.075310719978745e-009	-5.922554e-001	3.388775e-001
1.076310719978745e-009	-6.275834e-001	3.394816e-001
1.077310719978745e-009	-6.630671e-001	3.400803e-001
1.078310719978746e-009	-6.986645e-001	3.406729e-001
1.079310719978746e-009	-7.343344e-001	3.412587e-001
1.080310719978746e-009	-7.700354e-001	3.418371e-001
1.081310719978746e-009	-8.057266e-001	3.424077e-001
1.082310719978746e-009	-8.413672e-001	3.429699e-001
1.083310719978746e-009	-8.769171e-001	3.435233e-001
1.084310719978746e-009	-9.123363e-001	3.440676e-001
1.085310719978746e-009	-9.475856e-001	3.446025e-001
1.087310719978746e-009	-1.017420e+000	3.456430e-001
1.089310719978747e-009	-1.086117e+000	3.466432e-001
1.092310719978747e-009	-1.186396e+000	3.480658e-001
1.095310719978747e-009	-1.282534e+000	3.493934e-001
1.098310719978748e-009	-1.373674e+000	3.506254e-001
1.101310719978748e-009	-1.459041e+000	3.517624e-001
1.104310719978748e-009	-1.537948e+000	3.528059e-001
1.107310719978748e-009	-1.609804e+000	3.537575e-001
1.110310719978749e-009	-1.674113e+000	3.546194e-001
1.113310719978749e-009	-1.730480e+000	3.553940e-001
1.116310719978749e-009	-1.778610e+000	3.560836e-001
1.119310719978750e-009	-1.818310e+000	3.566907e-001
1.120739291407321e-009	-1.834197e+000	3.569509e-001
1.122167862835893e-009	-1.848164e+000	3.571938e-001
1.123596434264464e-009	-1.860212e+000	3.574194e-001
1.125025005693036e-009	-1.870339e+000	3.576278e-001
1.126453577121608e-009	-1.878545e+000	3.578188e-001
1.127882148550179e-009	-1.884832e+000	3.579925e-001
1.129310719978751e-009	-1.889199e+000	3.581489e-001
1.130310719978751e-009	-1.891169e+000	3.582488e-001
1.131310719978751e-009	-1.892237e+000	3.583407e-001
1.132310719978751e-009	-1.892413e+000	3.584248e-001
1.133310719978751e-009	-1.891707e+000	3.585009e-001
1.134310719978751e-009	-1.890131e+000	3.585691e-001
1.136310719978751e-009	-1.884421e+000	3.586825e-001
1.138310719978752e-009	-1.875393e+000	3.587651e-001
1.140310719978752e-009	-1.863166e+000	3.588176e-001
1.142310719978752e-009	-1.847872e+000	3.588402e-001
1.143310719978752e-009	-1.839118e+000	3.588403e-001
1.145310719978752e-009	-1.819485e+000	3.588187e-001
1.148310719978753e-009	-1.785009e+000	3.587315e-001
1.151310719978753e-009	-1.744973e+000	3.585792e-001
1.152310719978753e-009	-1.730486e+000	3.585140e-001
1.154310719978753e-009	-1.699924e+000	3.583620e-001
1.156310719978753e-009	-1.666978e+000	3.581820e-001
1.158310719978754e-009	-1.632624e+000	3.579723e-001
1.160310719978754e-009	-1.596862e+000	3.577328e-001
1.162310719978754e-009	-1.559691e+000	3.574635e-001
1.164310719978754e-009	-1.521113e+000	3.571645e-001
1.166310719978754e-009	-1.481127e+000	3.568356e-001
1.168310719978755e-009	-1.439733e+000	3.564770e-001
1.171310719978755e-009	-1.376653e+000	3.558781e-001
1.173310719978755e-009	-1.333746e+000	3.554378e-001
1.175310719978755e-009	-1.290310e+000	3.549635e-001
1.177310719978755e-009	-1.246466e+000	3.544542e-001
1.178310719978756e-009	-1.224428e+000	3.541858e-001
1.179310719978756e-009	-1.202330e+000	3.539082e-001
1.180310719978756e-009	-1.180186e+000	3.536210e-001
1.181310719978756e-009	-1.158007e+000	3.533242e-001
1.182310719978756e-009	-1.135806e+000	3.530172e-001
1.183310719978756e-009	-1.113594e+000	3.527002e-001
1.184310719978756e-009	-1.091381e+000	3.523726e-001
1.185310719978756e-009	-1.069177e+000	3.520343e-001
1.186310719978756e-009	-1.046993e+000	3.516849e-001
1.187310719978756e-009	-1.024836e+000	3.513243e-001
1.188310719978757e-009	-1.002715e+000	3.509517e-001
1.189310719978757e-009	-9.806385e-001	3.505673e-001
1.190310719978757e-009	-9.586125e-001	3.501704e-001
1.191310719978757e-009	-9.366441e-001	3.497608e-001
1.192310719978757e-009	-9.147390e-001	3.493377e-001
1.193310719978757e-009	-8.929026e-001	3.489010e-001
1.194310719978757e-009	-8.711397e-001	3.484500e-001
1.195310719978757e-009	-8.494544e-001	3.479841e-001
1.196310719978757e-009	-8.278505e-001	3.475032e-001
1.197310719978757e-009	-8.063310e-001	3.470061e-001
1.198310719978758e-009	-7.848984e-001	3.464926e-001
1.199310719978758e-009	-7.635548e-001	3.459618e-001
1.200310719978758e-009	-7.423018e-001	3.454131e-001
1.201310719978758e-009	-7.211401e-001	3.448455e-001
1.202310719978758e-009	-7.000704e-001	3.442583e-001
1.203310719978758e-009	-6.790927e-001	3.436506e-001
1.204310719978758e-009	-6.582064e-001	3.430215e-001
1.205310719978758e-009	-6.374108e-001	3.423697e-001
1.206310719978758e-009	-6.167044e-001	3.416942e-001
1.207310719978758e-009	-5.960854e-001	3.409938e-001
1.208310719978759e-009	-5.755519e-001	3.402670e-001
1.209310719978759e-009	-5.551010e-001	3.395126e-001
1.210310719978759e-009	-5.347300e-001	3.387289e-001
1.211310719978759e-009	-5.144356e-001	3.379140e-001
1.212310719978759e-009	-4.942142e-001	3.370664e-001
1.213310719978759e-009	-4.740619e-001	3.361836e-001
1.214310719978759e-009	-4.539746e-001	3.352637e-001
1.215310719978759e-009	-4.339477e-001	3.343042e-001
1.216310719978759e-009	-4.139766e-001	3.333022e-001
1.217310719978759e-009	-3.940564e-001	3.322548e-001
1.218310719978760e-009	-3.741819e-001	3.311588e-001
1.219310719978760e-009	-3.543479e-001	3.300103e-001
1.220310719978760e-009	-3.345488e-001	3.288054e-001
1.221310719978760e-009	-3.147792e-001	3.275394e-001
1.222310719978760e-009	-2.950331e-001	3.262074e-001
1.223310719978760e-009	-2.753049e-001	3.248036e-001
1.224310719978760e-009	-2.555885e-001	3.233214e-001
1.225310719978760e-009	-2.358782e-001	3.217538e-001
1.226310719978760e-009	-2.161679e-001	3.200924e-001
1.227310719978760e-009	-1.964515e-001	3.183278e-001
1.228310719978761e-009	-1.767233e-001	3.164496e-001
1.229310719978761e-009	-1.569771e-001	3.144455e-001
1.230310719978761e-009	-1.372072e-001	3.123015e-001
1.231310719978761e-009	-1.174077e-001	3.100018e-001
1.232310719978761e-009	-9.757292e-002	3.075279e-001
1.233310719978761e-009	-7.769731e-002	3.048586e-001
1.234310719978761e-009	-5.777544e-002	3.019694e-001
1.235310719978761e-009	-3.780207e-002	2.988322e-001
1.236310719978761e-009	-1.777208e-002	2.954144e-001
1.237310719978761e-009	2.319336e-003	2.916788e-001
1.238310719978762e-009	2.247673e-002	2.875827e-001
1.239310719978762e-009	4.270431e-002	2.830777e-001
1.240310719978762e-009	6.300586e-002	2.781093e-001
1.241310719978762e-009	8.338442e-002	2.726173e-001
1.242310719978762e-009	1.038420e-001	2.665358e-001
1.243310719978762e-009	1.243783e-001	2.597948e-001
1.244310719978762e-009	1.449894e-001	2.523216e-001
1.245310719978762e-009	1.656634e-001	2.440430e-001
1.246310719978762e-009	1.863723e-001	2.348889e-001
1.247310719978762e-009	2.070552e-001	2.247946e-001
1.248310719978763e-009	2.275545e-001	2.136997e-001
1.249310719978763e-009	2.475373e-001	2.015522e-001
1.250310719978763e-009	2.664718e-001	1.883237e-001
1.251310719978763e-009	2.835994e-001	1.740049e-001
1.252310719978763e-009	2.980212e-001	1.585895e-001
1.253310719978763e-009	3.090668e-001	1.420767e-001
1.254310719978763e-009	3.167054e-001	1.244747e-001
1.255310719978763e-009	3.215354e-001	1.057979e-001
1.256310719978763e-009	3.243720e-001	8.606432e-002
1.257310719978763e-009	3.259663e-001	6.529487e-002
1.258310719978764e-009	3.269084e-001	4.351426e-002
1.259310719978764e-009	3.275523e-001	2.074960e-002
1.260310719978764e-009	3.280691e-001	-2.970510e-003
1.261310719978764e-009	3.285420e-001	-2.761605e-002
1.262310719978764e-009	3.290094e-001	-5.315578e-002
1.263310719978764e-009	3.294881e-001	-7.955730e-002
1.264310719978764e-009	3.299848e-001	-1.067872e-001
1.265310719978764e-009	3.305011e-001	-1.348109e-001
1.266310719978764e-009	3.310363e-001	-1.635932e-001
1.267310719978764e-009	3.315888e-001	-1.930977e-001
1.268310719978765e-009	3.321564e-001	-2.232873e-001
1.269310719978765e-009	3.327369e-001	-2.541244e-001
1.270310719978765e-009	3.333282e-001	-2.855703e-001
1.271310719978765e-009	3.339280e-001	-3.175859e-001
1.272310719978765e-009	3.345344e-001	-3.501316e-001
1.273310719978765e-009	3.351457e-001	-3.831672e-001
1.274310719978765e-009	3.357600e-001	-4.166522e-001
1.275310719978765e-009	3.363759e-001	-4.505456e-001
1.276310719978765e-009	3.369918e-001	-4.848062e-001
1.277310719978765e-009	3.376065e-001	-5.193924e-001
1.278310719978766e-009	3.382189e-001	-5.542629e-001
1.279310719978766e-009	3.388277e-001	-5.893756e-001
1.280310719978766e-009	3.394322e-001	-6.246891e-001
1.281310719978766e-009	3.400314e-001	-6.601615e-001
1.282310719978766e-009	3.406245e-001	-6.957511e-001
1.283310719978766e-009	3.412109e-001	-7.314165e-001
1.284310719978766e-009	3.417900e-001	-7.671164e-001
1.285310719978766e-009	3.423612e-001	-8.028098e-001
1.286310719978766e-009	3.429241e-001	-8.384560e-001
1.287310719978766e-009	3.434783e-001	-8.740147e-001
1.288310719978767e-009	3.440233e-001	-9.094460e-001
1.289310719978767e-009	3.445590e-001	-9.447106e-001
1.291310719978767e-009	3.456011e-001	-1.014585e+000
1.293310719978767e-009	3.466031e-001	-1.083334e+000
1.295310719978767e-009	3.475636e-001	-1.150667e+000
1.298310719978768e-009	3.489256e-001	-1.248400e+000
1.301310719978768e-009	3.501920e-001	-1.341436e+000
1.304310719978768e-009	3.513633e-001	-1.428968e+000
1.307310719978768e-009	3.524402e-001	-1.510278e+000
1.310310719978769e-009	3.534247e-001	-1.584738e+000
1.313310719978769e-009	3.543188e-001	-1.651819e+000
1.316310719978769e-009	3.551245e-001	-1.711089e+000
1.319310719978770e-009	3.558445e-001	-1.762217e+000
1.322310719978770e-009	3.564812e-001	-1.804973e+000
1.323739291407342e-009	3.567551e-001	-1.822335e+000
1.325167862835913e-009	3.570116e-001	-1.837770e+000
1.326596434264485e-009	3.572505e-001	-1.851278e+000
1.328025005693056e-009	3.574720e-001	-1.862859e+000
1.329453577121628e-009	3.576760e-001	-1.872512e+000
1.330882148550199e-009	3.578624e-001	-1.880239e+000
1.332310719978771e-009	3.580314e-001	-1.886039e+000
1.333310719978771e-009	3.581401e-001	-1.888996e+000
1.334310719978771e-009	3.582408e-001	-1.891041e+000
1.335310719978771e-009	3.583335e-001	-1.892182e+000
1.336310719978771e-009	3.584182e-001	-1.892430e+000
1.337310719978771e-009	3.584949e-001	-1.891796e+000
1.338310719978771e-009	3.585639e-001	-1.890291e+000
1.340310719978772e-009	3.586785e-001	-1.884719e+000
1.342310719978772e-009	3.587623e-001	-1.875824e+000
1.344310719978772e-009	3.588160e-001	-1.863726e+000
1.346310719978772e-009	3.588398e-001	-1.848555e+000
1.347310719978772e-009	3.588406e-001	-1.839860e+000
1.349310719978773e-009	3.588200e-001	-1.820341e+000
1.352310719978773e-009	3.587347e-001	-1.786024e+000
1.355310719978773e-009	3.585843e-001	-1.746132e+000
1.357310719978773e-009	3.584479e-001	-1.716710e+000
1.360310719978774e-009	3.581892e-001	-1.668748e+000
1.362310719978774e-009	3.579816e-001	-1.634066e+000
1.364310719978774e-009	3.577438e-001	-1.598129e+000
1.366310719978774e-009	3.574758e-001	-1.560934e+000
1.368310719978774e-009	3.571777e-001	-1.522484e+000
1.370310719978775e-009	3.568495e-001	-1.482776e+000
1.372310719978775e-009	3.564910e-001	-1.441813e+000
1.374310719978775e-009	3.561025e-001	-1.399593e+000
1.376310719978775e-009	3.556800e-001	-1.357026e+000
1.378310719978775e-009	3.552243e-001	-1.313861e+000
1.380310719978776e-009	3.547341e-001	-1.270223e+000
1.381310719978776e-009	3.544756e-001	-1.248264e+000
1.382310719978776e-009	3.542080e-001	-1.226231e+000
1.383310719978776e-009	3.539312e-001	-1.204138e+000
1.384310719978776e-009	3.536448e-001	-1.181997e+000
1.385310719978776e-009	3.533487e-001	-1.159820e+000
1.386310719978776e-009	3.530427e-001	-1.137621e+000
1.387310719978776e-009	3.527264e-001	-1.115409e+000
1.388310719978776e-009	3.523997e-001	-1.093195e+000
1.389310719978777e-009	3.520623e-001	-1.070991e+000
1.390310719978777e-009	3.517138e-001	-1.048804e+000
1.391310719978777e-009	3.513541e-001	-1.026645e+000
1.392310719978777e-009	3.509827e-001	-1.004521e+000
1.393310719978777e-009	3.505992e-001	-9.824404e-001
1.394310719978777e-009	3.502033e-001	-9.604100e-001
1.395310719978777e-009	3.497946e-001	-9.384366e-001
1.396310719978777e-009	3.493727e-001	-9.165260e-001
1.397310719978777e-009	3.489372e-001	-8.946838e-001
1.398310719978777e-009	3.484873e-001	-8.729146e-001
1.399310719978778e-009	3.480228e-001	-8.512229e-001
1.400310719978778e-009	3.475430e-001	-8.296121e-001
1.401310719978778e-009	3.470473e-001	-8.080855e-001
1.402310719978778e-009	3.465352e-001	-7.866457e-001
1.403310719978778e-009	3.460058e-001	-7.652948e-001
1.404310719978778e-009	3.454585e-001	-7.440342e-001
1.405310719978778e-009	3.448926e-001	-7.228649e-001
1.406310719978778e-009	3.443071e-001	-7.017876e-001
1.407310719978778e-009	3.437011e-001	-6.808023e-001
1.408310719978778e-009	3.430737e-001	-6.599086e-001
1.409310719978779e-009	3.424238e-001	-6.391055e-001
1.410310719978779e-009	3.417502e-001	-6.183918e-001
1.411310719978779e-009	3.410519e-001	-5.977657e-001
1.412310719978779e-009	3.403274e-001	-5.772251e-001
1.413310719978779e-009	3.395752e-001	-5.567676e-001
1.414310719978779e-009	3.387940e-001	-5.363901e-001
1.415310719978779e-009	3.379818e-001	-5.160895e-001
1.416310719978779e-009	3.371368e-001	-4.958622e-001
1.417310719978779e-009	3.362570e-001	-4.757044e-001
1.418310719978779e-009	3.353403e-001	-4.556119e-001
1.419310719978780e-009	3.343840e-001	-4.355802e-001
1.420310719978780e-009	3.333856e-001	-4.156047e-001
1.421310719978780e-009	3.323421e-001	-3.956804e-001
1.422310719978780e-009	3.312501e-001	-3.758023e-001
1.423310719978780e-009	3.301060e-001	-3.559652e-001
1.424310719978780e-009	3.289059e-001	-3.361634e-001
1.425310719978780e-009	3.276451e-001	-3.163915e-001
1.426310719978780e-009	3.263187e-001	-2.966436e-001
1.427310719978780e-009	3.249210e-001	-2.769141e-001
1.428310719978780e-009	3.234455e-001	-2.571969e-001
1.429310719978781e-009	3.218851e-001	-2.374863e-001
1.430310719978781e-009	3.202316e-001	-2.177761e-001
1.431310719978781e-009	3.184760e-001	-1.980604e-001
1.432310719978781e-009	3.166074e-001	-1.783333e-001
1.433310719978781e-009	3.146141e-001	-1.585888e-001
1.434310719978781e-009	3.124821e-001	-1.388210e-001
1.435310719978781e-009	3.101957e-001	-1.190241e-001
1.436310719978781e-009	3.077368e-001	-9.919235e-002
1.437310719978781e-009	3.050843e-001	-7.932028e-002
1.438310719978781e-009	3.022141e-001	-5.940235e-002
1.439310719978782e-009	2.990983e-001	-3.943330e-002
1.440310719978782e-009	2.957047e-001	-1.940811e-002
1.441310719978782e-009	2.919966e-001	6.781518e-004
1.442310719978782e-009	2.879316e-001	2.083001e-002
1.443310719978782e-009	2.834619e-001	4.105172e-002
1.444310719978782e-009	2.785335e-001	6.134714e-002
1.445310719978782e-009	2.730866e-001	8.171931e-002
1.446310719978782e-009	2.670559e-001	1.021704e-001
1.447310719978782e-009	2.603714e-001	1.227004e-001
1.448310719978782e-009	2.529607e-001	1.433057e-001
1.449310719978783e-009	2.447505e-001	1.639753e-001
1.450310719978783e-009	2.356703e-001	1.846831e-001
1.451310719978783e-009	2.256550e-001	2.053716e-001
1.452310719978783e-009	2.146432e-001	2.258923e-001
1.453310719978783e-009	2.025816e-001	2.459293e-001
1.454310719978783e-009	1.894412e-001	2.649728e-001
1.455310719978783e-009	1.752116e-001	2.822826e-001
1.456310719978783e-009	1.598859e-001	2.969582e-001
1.457310719978783e-009	1.434625e-001	3.082930e-001
1.458310719978783e-009	1.259490e-001	3.162004e-001
1.459310719978784e-009	1.073595e-001	3.212375e-001
1.460310719978784e-009	8.771152e-002	3.242071e-001
1.461310719978784e-009	6.702577e-002	3.258726e-001
1.462310719978784e-009	4.532674e-002	3.268485e-001
1.463310719978784e-009	2.264138e-002	3.275073e-001
1.464310719978784e-009	-1.001803e-003	3.280299e-001
1.465310719978784e-009	-2.557292e-002	3.285042e-001
1.466310719978784e-009	-5.104081e-002	3.289711e-001
1.467310719978784e-009	-7.737317e-002	3.294484e-001
1.468310719978784e-009	-1.045366e-001	3.299435e-001
1.469310719978785e-009	-1.324969e-001	3.304582e-001
1.470310719978785e-009	-1.612185e-001	3.309920e-001
1.471310719978785e-009	-1.906653e-001	3.315431e-001
1.472310719978785e-009	-2.208004e-001	3.321095e-001
1.473310719978785e-009	-2.515859e-001	3.326891e-001
1.474310719978785e-009	-2.829835e-001	3.332795e-001
1.475310719978785e-009	-3.149540e-001	3.338787e-001
1.476310719978785e-009	-3.474579e-001	3.344847e-001
1.477310719978785e-009	-3.804549e-001	3.350957e-001
1.478310719978785e-009	-4.139047e-001	3.357098e-001
1.479310719978786e-009	-4.477662e-001	3.363256e-001
1.480310719978786e-009	-4.819982e-001	3.369416e-001
1.481310719978786e-009	-5.165594e-001	3.375564e-001
1.482310719978786e-009	-5.514081e-001	3.381690e-001
1.483310719978786e-009	-5.865026e-001	3.387782e-001
1.484310719978786e-009	-6.218011e-001	3.393830e-001
1.485310719978786e-009	-6.572620e-001	3.399827e-001
1.486310719978786e-009	-6.928435e-001	3.405763e-001
1.487310719978786e-009	-7.285041e-001	3.411633e-001
1.488310719978786e-009	-7.642027e-001	3.417430e-001
1.489310719978787e-009	-7.998981e-001	3.423149e-001
1.490310719978787e-009	-8.355495e-001	3.428784e-001
1.491310719978787e-009	-8.711168e-001	3.434333e-001
1.492310719978787e-009	-9.065599e-001	3.439791e-001
1.493310719978787e-009	-9.418394e-001	3.445156e-001
1.495310719978787e-009	-1.011753e+000	3.455594e-001
1.497310719978787e-009	-1.080554e+000	3.465630e-001
1.499310719978788e-009	-1.147983e+000	3.475258e-001
1.500000000000000e-009	-1.170912e+000	3.478490e-001
