time	V(N001,VCj2b)	V(N002,VCj2b)
0.000000000000000e+000	0.000000e+000	0.000000e+000
1.170285695298015e-014	8.706435e-009	-8.706435e-009
2.340571390596030e-014	3.265738e-008	-3.265738e-008
3.510857085894045e-014	7.185284e-008	-7.185284e-008
4.681142781192060e-014	1.262928e-007	-1.262928e-007
5.851428476490076e-014	1.959773e-007	-1.959773e-007
7.021714171788090e-014	2.809063e-007	-2.809063e-007
8.191999867086103e-014	3.810798e-007	-3.810798e-007
1.638399973417221e-013	1.460456e-006	-1.460456e-006
3.276799946834441e-013	5.525907e-006	-5.525907e-006
6.553599893668882e-013	2.120345e-005	-2.120345e-005
1.310719978733776e-012	8.183123e-005	-8.183123e-005
2.310719978733776e-012	2.473866e-004	-2.473866e-004
3.310719978733776e-012	5.215048e-004	-5.215048e-004
4.310719978733776e-012	9.392739e-004	-9.392739e-004
5.310719978733776e-012	1.528868e-003	-1.528868e-003
6.310719978733775e-012	2.317993e-003	-2.317994e-003
7.310719978733775e-012	3.333841e-003	-3.333843e-003
8.310719978733775e-012	4.603029e-003	-4.603032e-003
9.310719978733775e-012	6.151540e-003	-6.151547e-003
1.031071997873377e-011	8.004674e-003	-8.004688e-003
1.131071997873377e-011	1.018699e-002	-1.018701e-002
1.231071997873377e-011	1.272225e-002	-1.272230e-002
1.331071997873377e-011	1.563339e-002	-1.563347e-002
1.431071997873377e-011	1.894244e-002	-1.894257e-002
1.531071997873377e-011	2.267051e-002	-2.267070e-002
1.631071997873377e-011	2.683769e-002	-2.683799e-002
1.731071997873377e-011	3.146310e-002	-3.146355e-002
1.831071997873377e-011	3.656476e-002	-3.656541e-002
1.931071997873377e-011	4.215959e-002	-4.216054e-002
2.031071997873377e-011	4.826335e-002	-4.826472e-002
2.131071997873377e-011	5.489066e-002	-5.489261e-002
2.231071997873377e-011	6.205489e-002	-6.205763e-002
2.331071997873377e-011	6.976816e-002	-6.977201e-002
2.431071997873377e-011	7.804130e-002	-7.804668e-002
2.531071997873377e-011	8.688383e-002	-8.689134e-002
2.631071997873377e-011	9.630382e-002	-9.631435e-002
2.731071997873377e-011	1.063079e-001	-1.063228e-001
2.831071997873377e-011	1.169013e-001	-1.169224e-001
2.931071997873377e-011	1.280873e-001	-1.281174e-001
3.031071997873377e-011	1.398673e-001	-1.399111e-001
3.131071997873378e-011	1.522406e-001	-1.523049e-001
3.231071997873378e-011	1.652031e-001	-1.652992e-001
3.331071997873378e-011	1.787468e-001	-1.788929e-001
3.431071997873379e-011	1.928572e-001	-1.930835e-001
3.531071997873379e-011	2.075098e-001	-2.078673e-001
3.631071997873379e-011	2.226634e-001	-2.232390e-001
3.731071997873379e-011	2.382400e-001	-2.391921e-001
3.831071997873380e-011	2.540940e-001	-2.557187e-001
3.931071997873380e-011	2.699941e-001	-2.728099e-001
4.031071997873380e-011	2.856013e-001	-2.904550e-001
4.131071997873381e-011	3.004311e-001	-3.086427e-001
4.231071997873381e-011	3.138799e-001	-3.273601e-001
4.331071997873381e-011	3.253728e-001	-3.465936e-001
4.431071997873382e-011	3.345856e-001	-3.663287e-001
4.531071997873382e-011	3.415786e-001	-3.865496e-001
4.631071997873382e-011	3.466934e-001	-4.072403e-001
4.731071997873382e-011	3.503846e-001	-4.283837e-001
4.831071997873383e-011	3.531363e-001	-4.499620e-001
4.931071997873383e-011	3.553581e-001	-4.719570e-001
5.031071997873383e-011	3.573075e-001	-4.943494e-001
5.131071997873384e-011	3.591229e-001	-5.171198e-001
5.231071997873384e-011	3.608767e-001	-5.402478e-001
5.331071997873384e-011	3.626044e-001	-5.637128e-001
5.431071997873385e-011	3.643229e-001	-5.874934e-001
5.531071997873385e-011	3.660393e-001	-6.115679e-001
5.631071997873385e-011	3.677562e-001	-6.359140e-001
5.731071997873385e-011	3.694738e-001	-6.605093e-001
5.831071997873385e-011	3.711914e-001	-6.853307e-001
5.931071997873385e-011	3.729081e-001	-7.103550e-001
6.031071997873384e-011	3.746225e-001	-7.355585e-001
6.231071997873384e-011	3.780396e-001	-7.864075e-001
6.431071997873383e-011	3.814334e-001	-8.376842e-001
6.631071997873382e-011	3.847951e-001	-8.891926e-001
6.831071997873382e-011	3.881168e-001	-9.407356e-001
7.131071997873381e-011	3.930083e-001	-1.017683e+000
7.431071997873380e-011	3.977705e-001	-1.093602e+000
7.731071997873379e-011	4.023826e-001	-1.167844e+000
8.031071997873378e-011	4.068257e-001	-1.239780e+000
8.331071997873377e-011	4.110821e-001	-1.308810e+000
8.631071997873375e-011	4.151356e-001	-1.374366e+000
8.931071997873374e-011	4.189714e-001	-1.435921e+000
9.173929140730516e-011	4.219210e-001	-1.482920e+000
9.416786283587658e-011	4.246984e-001	-1.526297e+000
9.659643426444801e-011	4.273038e-001	-1.566052e+000
9.902500569301943e-011	4.297372e-001	-1.602185e+000
1.014535771215908e-010	4.319985e-001	-1.634695e+000
1.038821485501623e-010	4.340877e-001	-1.663583e+000
1.063107199787337e-010	4.360049e-001	-1.688849e+000
1.078821485501623e-010	4.371396e-001	-1.702812e+000
1.094535771215908e-010	4.381933e-001	-1.715036e+000
1.110250056930194e-010	4.391660e-001	-1.725520e+000
1.125964342644480e-010	4.400577e-001	-1.734265e+000
1.141678628358765e-010	4.408685e-001	-1.741270e+000
1.157392914073051e-010	4.415982e-001	-1.746535e+000
1.173107199787337e-010	4.422470e-001	-1.750061e+000
1.193107199787337e-010	4.429510e-001	-1.752028e+000
1.203107199787337e-010	4.432526e-001	-1.751963e+000
1.213107199787337e-010	4.435202e-001	-1.751206e+000
1.233107199787336e-010	4.439543e-001	-1.747628e+000
1.263107199787336e-010	4.443507e-001	-1.737190e+000
1.293107199787336e-010	4.444415e-001	-1.720827e+000
1.323107199787336e-010	4.442263e-001	-1.698755e+000
1.338821485501622e-010	4.439914e-001	-1.684888e+000
1.354535771215907e-010	4.436733e-001	-1.669672e+000
1.370250056930193e-010	4.432719e-001	-1.653105e+000
1.385964342644479e-010	4.427873e-001	-1.635187e+000
1.401678628358764e-010	4.422195e-001	-1.615920e+000
1.417392914073050e-010	4.415684e-001	-1.595302e+000
1.433107199787336e-010	4.408342e-001	-1.573335e+000
1.457392914073050e-010	4.395369e-001	-1.536778e+000
1.481678628358764e-010	4.380446e-001	-1.498031e+000
1.505964342644478e-010	4.363575e-001	-1.457094e+000
1.530250056930193e-010	4.344754e-001	-1.413966e+000
1.554535771215907e-010	4.323983e-001	-1.368647e+000
1.578821485501621e-010	4.301263e-001	-1.321137e+000
1.603107199787335e-010	4.276594e-001	-1.271437e+000
1.624535771215907e-010	4.253254e-001	-1.226428e+000
1.645964342644478e-010	4.228360e-001	-1.180596e+000
1.667392914073049e-010	4.201911e-001	-1.133940e+000
1.688821485501621e-010	4.173907e-001	-1.086460e+000
1.710250056930192e-010	4.144348e-001	-1.038157e+000
1.731678628358763e-010	4.113234e-001	-9.890301e-001
1.753107199787335e-010	4.080566e-001	-9.390798e-001
1.763107199787335e-010	4.064739e-001	-9.157163e-001
1.773107199787335e-010	4.048549e-001	-8.922550e-001
1.783107199787335e-010	4.031994e-001	-8.687043e-001
1.793107199787335e-010	4.015070e-001	-8.450718e-001
1.803107199787334e-010	3.997767e-001	-8.213652e-001
1.813107199787334e-010	3.980084e-001	-7.975916e-001
1.823107199787334e-010	3.962010e-001	-7.737581e-001
1.843107199787334e-010	3.924665e-001	-7.259373e-001
1.853107199787334e-010	3.905377e-001	-7.019626e-001
1.863107199787334e-010	3.885666e-001	-6.779526e-001
1.873107199787334e-010	3.865522e-001	-6.539128e-001
1.883107199787334e-010	3.844931e-001	-6.298486e-001
1.893107199787334e-010	3.823881e-001	-6.057647e-001
1.903107199787334e-010	3.802359e-001	-5.816657e-001
1.913107199787334e-010	3.780348e-001	-5.575560e-001
1.923107199787334e-010	3.757830e-001	-5.334398e-001
1.933107199787334e-010	3.734786e-001	-5.093207e-001
1.943107199787334e-010	3.711194e-001	-4.852024e-001
1.953107199787334e-010	3.687030e-001	-4.610881e-001
1.963107199787334e-010	3.662269e-001	-4.369809e-001
1.973107199787334e-010	3.636878e-001	-4.128837e-001
1.983107199787334e-010	3.610826e-001	-3.887989e-001
1.993107199787334e-010	3.584074e-001	-3.647291e-001
2.003107199787334e-010	3.556582e-001	-3.406763e-001
2.013107199787334e-010	3.528302e-001	-3.166425e-001
2.023107199787334e-010	3.499181e-001	-2.926296e-001
2.033107199787334e-010	3.469158e-001	-2.686390e-001
2.043107199787334e-010	3.438165e-001	-2.446723e-001
2.053107199787334e-010	3.406123e-001	-2.207307e-001
2.063107199787334e-010	3.372946e-001	-1.968153e-001
2.073107199787334e-010	3.338531e-001	-1.729271e-001
2.083107199787334e-010	3.302762e-001	-1.490669e-001
2.093107199787333e-010	3.265505e-001	-1.252356e-001
2.103107199787333e-010	3.226607e-001	-1.014337e-001
2.113107199787333e-010	3.185889e-001	-7.766190e-002
2.123107199787333e-010	3.143148e-001	-5.392063e-002
2.133107199787333e-010	3.098145e-001	-3.021029e-002
2.143107199787333e-010	3.050607e-001	-6.531328e-003
2.153107199787333e-010	3.000218e-001	1.711580e-002
2.163107199787333e-010	2.946615e-001	4.073071e-002
2.173107199787333e-010	2.889381e-001	6.431291e-002
2.183107199787333e-010	2.828044e-001	8.786157e-002
2.193107199787333e-010	2.762076e-001	1.113755e-001
2.203107199787333e-010	2.690887e-001	1.348521e-001
2.213107199787333e-010	2.613784e-001	1.582855e-001
2.223107199787333e-010	2.529948e-001	1.816607e-001
2.233107199787333e-010	2.438629e-001	2.049463e-001
2.243107199787333e-010	2.339270e-001	2.280755e-001
2.253107199787333e-010	2.231331e-001	2.509030e-001
2.263107199787333e-010	2.114220e-001	2.731263e-001
2.273107199787333e-010	1.987406e-001	2.941781e-001
2.283107199787333e-010	1.850475e-001	3.131662e-001
2.293107199787333e-010	1.703129e-001	3.290311e-001
2.303107199787333e-010	1.545185e-001	3.409984e-001
2.313107199787333e-010	1.376572e-001	3.490402e-001
2.323107199787333e-010	1.197314e-001	3.538995e-001
2.333107199787333e-010	1.007517e-001	3.566473e-001
2.343107199787333e-010	8.073404e-002	3.582066e-001
2.353107199787333e-010	5.969776e-002	3.591771e-001
2.363107199787333e-010	3.766612e-002	3.598991e-001
2.373107199787333e-010	1.466595e-002	3.605496e-001
2.383107199787333e-010	-9.273884e-003	3.612103e-001
2.393107199787333e-010	-3.412308e-002	3.619163e-001
2.403107199787333e-010	-5.985003e-002	3.626819e-001
2.413107199787333e-010	-8.642200e-002	3.635114e-001
2.423107199787333e-010	-1.138053e-001	3.644045e-001
2.433107199787333e-010	-1.419650e-001	3.653589e-001
2.443107199787333e-010	-1.708657e-001	3.663714e-001
2.453107199787332e-010	-2.004709e-001	3.674385e-001
2.463107199787332e-010	-2.307434e-001	3.685563e-001
2.473107199787332e-010	-2.616452e-001	3.697211e-001
2.483107199787332e-010	-2.931378e-001	3.709292e-001
2.493107199787332e-010	-3.251822e-001	3.721769e-001
2.503107199787332e-010	-3.577387e-001	3.734608e-001
2.513107199787332e-010	-3.907672e-001	3.747775e-001
2.523107199787332e-010	-4.242273e-001	3.761238e-001
2.533107199787332e-010	-4.580782e-001	3.774965e-001
2.543107199787332e-010	-4.922789e-001	3.788927e-001
2.553107199787332e-010	-5.267883e-001	3.803095e-001
2.563107199787332e-010	-5.615649e-001	3.817443e-001
2.573107199787332e-010	-5.965674e-001	3.831944e-001
2.583107199787332e-010	-6.317544e-001	3.846575e-001
2.593107199787332e-010	-6.670846e-001	3.861311e-001
2.603107199787332e-010	-7.025168e-001	3.876131e-001
2.613107199787332e-010	-7.380099e-001	3.891014e-001
2.623107199787332e-010	-7.735231e-001	3.905939e-001
2.633107199787332e-010	-8.090160e-001	3.920887e-001
2.643107199787332e-010	-8.444484e-001	3.935840e-001
2.653107199787332e-010	-8.797806e-001	3.950781e-001
2.663107199787332e-010	-9.149732e-001	3.965693e-001
2.673107199787332e-010	-9.499877e-001	3.980561e-001
2.693107199787332e-010	-1.019330e+000	4.010105e-001
2.713107199787332e-010	-1.087509e+000	4.039299e-001
2.733107199787332e-010	-1.154238e+000	4.068044e-001
2.763107199787331e-010	-1.251020e+000	4.110115e-001
2.793107199787331e-010	-1.343063e+000	4.150687e-001
2.823107199787331e-010	-1.429584e+000	4.189516e-001
2.853107199787331e-010	-1.509885e+000	4.226393e-001
2.883107199787331e-010	-1.583358e+000	4.261134e-001
2.913107199787331e-010	-1.649493e+000	4.293588e-001
2.943107199787331e-010	-1.707878e+000	4.323623e-001
2.973107199787331e-010	-1.758198e+000	4.351131e-001
3.003107199787331e-010	-1.800241e+000	4.376028e-001
3.017392914073045e-010	-1.817297e+000	4.386955e-001
3.031678628358759e-010	-1.832455e+000	4.397258e-001
3.045964342644473e-010	-1.845716e+000	4.406938e-001
3.060250056930188e-010	-1.857078e+000	4.415995e-001
3.074535771215902e-010	-1.866541e+000	4.424428e-001
3.088821485501616e-010	-1.874107e+000	4.432238e-001
3.103107199787330e-010	-1.879775e+000	4.439425e-001
3.123107199787330e-010	-1.884649e+000	4.448415e-001
3.133107199787330e-010	-1.885751e+000	4.452447e-001
3.143107199787330e-010	-1.885976e+000	4.456168e-001
3.153107199787330e-010	-1.885334e+000	4.459580e-001
3.163107199787330e-010	-1.883839e+000	4.462683e-001
3.173107199787330e-010	-1.881501e+000	4.465479e-001
3.193107199787330e-010	-1.874356e+000	4.470146e-001
3.213107199787330e-010	-1.864013e+000	4.473588e-001
3.233107199787330e-010	-1.850596e+000	4.475812e-001
3.253107199787330e-010	-1.834240e+000	4.476826e-001
3.263107199787330e-010	-1.825004e+000	4.476883e-001
3.283107199787330e-010	-1.804506e+000	4.476099e-001
3.313107199787330e-010	-1.768982e+000	4.472706e-001
3.343107199787329e-010	-1.728194e+000	4.466685e-001
3.363107199787329e-010	-1.698345e+000	4.461228e-001
3.383107199787329e-010	-1.666561e+000	4.454629e-001
3.403107199787329e-010	-1.632618e+000	4.446883e-001
3.423107199787329e-010	-1.597452e+000	4.438037e-001
3.443107199787329e-010	-1.561064e+000	4.428092e-001
3.463107199787329e-010	-1.523453e+000	4.417048e-001
3.483107199787329e-010	-1.484620e+000	4.404905e-001
3.503107199787329e-010	-1.444564e+000	4.391663e-001
3.523107199787329e-010	-1.403286e+000	4.377322e-001
3.553107199787329e-010	-1.340633e+000	4.353814e-001
3.573107199787329e-010	-1.298184e+000	4.336795e-001
3.593107199787329e-010	-1.255331e+000	4.318697e-001
3.603107199787329e-010	-1.233787e+000	4.309244e-001
3.613107199787328e-010	-1.212183e+000	4.299520e-001
3.623107199787328e-010	-1.190530e+000	4.289522e-001
3.633107199787328e-010	-1.168841e+000	4.279253e-001
3.643107199787328e-010	-1.147127e+000	4.268712e-001
3.653107199787328e-010	-1.125399e+000	4.257895e-001
3.663107199787328e-010	-1.103667e+000	4.246801e-001
3.673107199787328e-010	-1.081940e+000	4.235431e-001
3.683107199787328e-010	-1.060228e+000	4.223781e-001
3.693107199787328e-010	-1.038538e+000	4.211848e-001
3.703107199787328e-010	-1.016879e+000	4.199632e-001
3.713107199787328e-010	-9.952586e-001	4.187131e-001
3.723107199787328e-010	-9.736825e-001	4.174341e-001
3.733107199787328e-010	-9.521572e-001	4.161260e-001
3.743107199787328e-010	-9.306881e-001	4.147885e-001
3.753107199787328e-010	-9.092803e-001	4.134212e-001
3.763107199787328e-010	-8.879382e-001	4.120238e-001
3.773107199787328e-010	-8.666655e-001	4.105958e-001
3.783107199787328e-010	-8.454656e-001	4.091370e-001
3.793107199787328e-010	-8.243413e-001	4.076468e-001
3.803107199787328e-010	-8.032946e-001	4.061247e-001
3.813107199787328e-010	-7.823275e-001	4.045701e-001
3.823107199787328e-010	-7.614411e-001	4.029827e-001
3.833107199787328e-010	-7.406361e-001	4.013617e-001
3.843107199787328e-010	-7.199127e-001	3.997064e-001
3.853107199787328e-010	-6.992708e-001	3.980162e-001
3.863107199787328e-010	-6.787094e-001	3.962904e-001
3.873107199787328e-010	-6.582277e-001	3.945279e-001
3.883107199787328e-010	-6.378241e-001	3.927281e-001
3.893107199787328e-010	-6.174966e-001	3.908899e-001
3.903107199787327e-010	-5.972428e-001	3.890125e-001
3.913107199787327e-010	-5.770601e-001	3.870942e-001
3.923107199787327e-010	-5.569455e-001	3.851343e-001
3.933107199787327e-010	-5.368955e-001	3.831313e-001
3.943107199787327e-010	-5.169065e-001	3.810837e-001
3.953107199787327e-010	-4.969745e-001	3.789900e-001
3.963107199787327e-010	-4.770952e-001	3.768485e-001
3.973107199787327e-010	-4.572642e-001	3.746573e-001
3.983107199787327e-010	-4.374767e-001	3.724141e-001
3.993107199787327e-010	-4.177277e-001	3.701169e-001
4.003107199787327e-010	-3.980122e-001	3.677632e-001
4.013107199787327e-010	-3.783247e-001	3.653500e-001
4.023107199787327e-010	-3.586600e-001	3.628743e-001
4.033107199787327e-010	-3.390124e-001	3.603327e-001
4.043107199787327e-010	-3.193761e-001	3.577214e-001
4.053107199787327e-010	-2.997455e-001	3.550363e-001
4.063107199787327e-010	-2.801148e-001	3.522723e-001
4.073107199787327e-010	-2.604780e-001	3.494242e-001
4.083107199787327e-010	-2.408293e-001	3.464861e-001
4.093107199787327e-010	-2.211628e-001	3.434510e-001
4.103107199787327e-010	-2.014726e-001	3.403112e-001
4.113107199787327e-010	-1.817530e-001	3.370578e-001
4.123107199787327e-010	-1.619981e-001	3.336809e-001
4.133107199787327e-010	-1.422024e-001	3.301689e-001
4.143107199787327e-010	-1.223603e-001	3.265087e-001
4.153107199787327e-010	-1.024663e-001	3.226850e-001
4.163107199787327e-010	-8.251524e-002	3.186803e-001
4.173107199787327e-010	-6.250191e-002	3.144746e-001
4.183107199787327e-010	-4.242146e-002	3.100444e-001
4.193107199787326e-010	-2.226922e-002	3.053628e-001
4.203107199787326e-010	-2.040714e-003	3.003987e-001
4.213107199787326e-010	1.826826e-002	2.951164e-001
4.223107199787326e-010	3.866157e-002	2.894750e-001
4.233107199787326e-010	5.914271e-002	2.834278e-001
4.243107199787326e-010	7.971478e-002	2.769226e-001
4.253107199787326e-010	1.003801e-001	2.699010e-001
4.263107199787326e-010	1.211403e-001	2.622993e-001
4.273107199787326e-010	1.419950e-001	2.540495e-001
4.283107199787326e-010	1.629409e-001	2.450808e-001
4.293107199787326e-010	1.839683e-001	2.353218e-001
4.303107199787326e-010	2.050551e-001	2.247035e-001
4.313107199787326e-010	2.261527e-001	2.131624e-001
4.323107199787326e-010	2.471418e-001	2.006411e-001
4.333107199787326e-010	2.677543e-001	1.870890e-001
4.343107199787326e-010	2.875219e-001	1.724734e-001
4.353107199787326e-010	3.057514e-001	1.567824e-001
4.363107199787326e-010	3.215674e-001	1.400140e-001
4.373107199787326e-010	3.341819e-001	1.221697e-001
4.383107199787326e-010	3.433171e-001	1.032580e-001
4.393107199787326e-010	3.493736e-001	8.329447e-002
4.403107199787326e-010	3.531468e-001	6.229904e-002
4.413107199787326e-010	3.554501e-001	4.029447e-002
4.423107199787326e-010	3.569435e-001	1.730661e-002
4.433107199787326e-010	3.580695e-001	-6.635967e-003
4.443107199787326e-010	3.590595e-001	-3.150299e-002
4.453107199787326e-010	3.600207e-001	-5.726289e-002
4.463107199787326e-010	3.610031e-001	-8.388291e-002
4.473107199787326e-010	3.620278e-001	-1.113292e-001
4.483107199787325e-010	3.631027e-001	-1.395669e-001
4.493107199787325e-010	3.642293e-001	-1.685602e-001
4.503107199787325e-010	3.654059e-001	-1.982725e-001
4.513107199787325e-010	3.666296e-001	-2.286664e-001
4.523107199787325e-010	3.678972e-001	-2.597037e-001
4.533107199787325e-010	3.692050e-001	-2.913454e-001
4.543107199787325e-010	3.705493e-001	-3.235522e-001
4.553107199787325e-010	3.719267e-001	-3.562841e-001
4.563107199787325e-010	3.733338e-001	-3.895006e-001
4.573107199787325e-010	3.747674e-001	-4.231608e-001
4.583107199787325e-010	3.762244e-001	-4.572234e-001
4.593107199787325e-010	3.777019e-001	-4.916470e-001
4.603107199787325e-010	3.791970e-001	-5.263897e-001
4.613107199787325e-010	3.807071e-001	-5.614099e-001
4.623107199787325e-010	3.822296e-001	-5.966654e-001
4.633107199787325e-010	3.837624e-001	-6.321144e-001
4.643107199787325e-010	3.853029e-001	-6.677147e-001
4.653107199787325e-010	3.868492e-001	-7.034247e-001
4.663107199787325e-010	3.883991e-001	-7.392026e-001
4.673107199787325e-010	3.899507e-001	-7.750070e-001
4.683107199787325e-010	3.915023e-001	-8.107967e-001
4.693107199787325e-010	3.930520e-001	-8.465309e-001
4.703107199787325e-010	3.945982e-001	-8.821691e-001
4.713107199787325e-010	3.961393e-001	-9.176713e-001
4.723107199787325e-010	3.976738e-001	-9.529982e-001
4.733107199787325e-010	3.992004e-001	-9.881107e-001
4.753107199787325e-010	4.022239e-001	-1.057540e+000
4.773107199787324e-010	4.051998e-001	-1.125662e+000
4.803107199787324e-010	4.095541e-001	-1.224769e+000
4.833107199787324e-010	4.137524e-001	-1.319384e+000
4.863107199787324e-010	4.177702e-001	-1.408677e+000
4.893107199787324e-010	4.215864e-001	-1.491901e+000
4.923107199787324e-010	4.251825e-001	-1.568402e+000
4.953107199787324e-010	4.285431e-001	-1.637622e+000
4.983107199787324e-010	4.316548e-001	-1.699100e+000
5.013107199787324e-010	4.345067e-001	-1.752480e+000
5.043107199787324e-010	4.370900e-001	-1.797503e+000
5.073107199787323e-010	4.393977e-001	-1.834011e+000
5.085964342644466e-010	4.403015e-001	-1.847013e+000
5.098821485501609e-010	4.411530e-001	-1.858456e+000
5.111678628358752e-010	4.419523e-001	-1.868342e+000
5.124535771215895e-010	4.426992e-001	-1.876670e+000
5.137392914073038e-010	4.433938e-001	-1.883440e+000
5.150250056930180e-010	4.440362e-001	-1.888652e+000
5.163107199787323e-010	4.446262e-001	-1.892306e+000
5.173107199787323e-010	4.450485e-001	-1.894123e+000
5.183107199787323e-010	4.454390e-001	-1.895036e+000
5.193107199787323e-010	4.457976e-001	-1.895055e+000
5.203107199787323e-010	4.461247e-001	-1.894191e+000
5.213107199787323e-010	4.464200e-001	-1.892455e+000
5.223107199787323e-010	4.466837e-001	-1.889862e+000
5.243107199787323e-010	4.471165e-001	-1.882154e+000
5.263107199787323e-010	4.474239e-001	-1.871184e+000
5.283107199787323e-010	4.476066e-001	-1.857079e+000
5.303107199787323e-010	4.476657e-001	-1.839976e+000
5.323107199787323e-010	4.476023e-001	-1.820019e+000
5.353107199787322e-010	4.472797e-001	-1.785064e+000
5.383107199787322e-010	4.466882e-001	-1.744562e+000
5.403107199787322e-010	4.461466e-001	-1.714750e+000
5.423107199787322e-010	4.454885e-001	-1.682885e+000
5.443107199787322e-010	4.447127e-001	-1.648730e+000
5.463107199787322e-010	4.438255e-001	-1.613259e+000
5.483107199787322e-010	4.428267e-001	-1.576473e+000
5.503107199787322e-010	4.417165e-001	-1.538371e+000
5.523107199787322e-010	4.404947e-001	-1.498953e+000
5.543107199787322e-010	4.391613e-001	-1.458219e+000
5.563107199787322e-010	4.377165e-001	-1.416170e+000
5.593107199787322e-010	4.353483e-001	-1.352261e+000
5.613107199787322e-010	4.336338e-001	-1.308904e+000
5.633107199787322e-010	4.318109e-001	-1.265095e+000
5.643107199787321e-010	4.308587e-001	-1.243058e+000
5.653107199787321e-010	4.298794e-001	-1.220952e+000
5.663107199787321e-010	4.288729e-001	-1.198790e+000
5.673107199787321e-010	4.278392e-001	-1.176586e+000
5.683107199787321e-010	4.267780e-001	-1.154350e+000
5.693107199787321e-010	4.256892e-001	-1.132096e+000
5.703107199787321e-010	4.245729e-001	-1.109835e+000
5.713107199787321e-010	4.234290e-001	-1.087576e+000
5.723107199787321e-010	4.222571e-001	-1.065331e+000
5.733107199787321e-010	4.210570e-001	-1.043108e+000
5.743107199787321e-010	4.198288e-001	-1.020916e+000
5.753107199787321e-010	4.185721e-001	-9.987637e-001
5.763107199787321e-010	4.172865e-001	-9.766588e-001
5.773107199787321e-010	4.159721e-001	-9.546080e-001
5.783107199787321e-010	4.146283e-001	-9.326180e-001
5.793107199787321e-010	4.132550e-001	-9.106944e-001
5.803107199787321e-010	4.118516e-001	-8.888427e-001
5.813107199787321e-010	4.104180e-001	-8.670674e-001
5.823107199787321e-010	4.089537e-001	-8.453728e-001
5.833107199787321e-010	4.074582e-001	-8.237623e-001
5.843107199787321e-010	4.059311e-001	-8.022390e-001
5.853107199787321e-010	4.043717e-001	-7.808053e-001
5.863107199787321e-010	4.027796e-001	-7.594632e-001
5.873107199787321e-010	4.011543e-001	-7.382141e-001
5.883107199787321e-010	3.994950e-001	-7.170588e-001
5.893107199787321e-010	3.978009e-001	-6.959978e-001
5.903107199787321e-010	3.960716e-001	-6.750308e-001
5.913107199787321e-010	3.943059e-001	-6.541575e-001
5.923107199787321e-010	3.925030e-001	-6.333768e-001
5.933107199787320e-010	3.906623e-001	-6.126872e-001
5.943107199787320e-010	3.887823e-001	-5.920868e-001
5.953107199787320e-010	3.868620e-001	-5.715735e-001
5.963107199787320e-010	3.849005e-001	-5.511445e-001
5.973107199787320e-010	3.828959e-001	-5.307968e-001
5.983107199787320e-010	3.808472e-001	-5.105272e-001
5.993107199787320e-010	3.787527e-001	-4.903318e-001
6.003107199787320e-010	3.766106e-001	-4.702067e-001
6.013107199787320e-010	3.744192e-001	-4.501475e-001
6.023107199787320e-010	3.721762e-001	-4.301498e-001
6.033107199787320e-010	3.698795e-001	-4.102087e-001
6.043107199787320e-010	3.675264e-001	-3.903194e-001
6.053107199787320e-010	3.651142e-001	-3.704764e-001
6.063107199787320e-010	3.626398e-001	-3.506744e-001
6.073107199787320e-010	3.600999e-001	-3.309079e-001
6.083107199787320e-010	3.574906e-001	-3.111711e-001
6.093107199787320e-010	3.548076e-001	-2.914582e-001
6.103107199787320e-010	3.520462e-001	-2.717634e-001
6.113107199787320e-010	3.492010e-001	-2.520806e-001
6.123107199787320e-010	3.462660e-001	-2.324039e-001
6.133107199787320e-010	3.432344e-001	-2.127271e-001
6.143107199787320e-010	3.400983e-001	-1.930442e-001
6.153107199787320e-010	3.368490e-001	-1.733491e-001
6.163107199787320e-010	3.334765e-001	-1.536360e-001
6.173107199787320e-010	3.299692e-001	-1.338987e-001
6.183107199787320e-010	3.263139e-001	-1.141315e-001
6.193107199787320e-010	3.224956e-001	-9.432852e-002
6.203107199787320e-010	3.184968e-001	-7.448420e-002
6.213107199787320e-010	3.142972e-001	-5.459300e-002
6.223107199787319e-010	3.098738e-001	-3.464964e-002
6.233107199787319e-010	3.051995e-001	-1.464903e-002
6.243107199787319e-010	3.002434e-001	5.413771e-003
6.253107199787319e-010	2.949699e-001	2.554345e-002
6.263107199787319e-010	2.893383e-001	4.574424e-002
6.273107199787319e-010	2.833022e-001	6.602025e-002
6.283107199787319e-010	2.768094e-001	8.637491e-002
6.293107199787319e-010	2.698021e-001	1.068110e-001
6.303107199787319e-010	2.622168e-001	1.273304e-001
6.313107199787319e-010	2.539861e-001	1.479328e-001
6.323107199787319e-010	2.450394e-001	1.686141e-001
6.333107199787319e-010	2.353060e-001	1.893633e-001
6.343107199787319e-010	2.247173e-001	2.101540e-001
6.353107199787319e-010	2.132072e-001	2.309198e-001
6.363107199787319e-010	2.007133e-001	2.515069e-001
6.373107199787319e-010	1.871901e-001	2.716311e-001
6.383107199787319e-010	1.726156e-001	2.908208e-001
6.393107199787319e-010	1.569778e-001	3.083603e-001
6.403107199787319e-010	1.402683e-001	3.233820e-001
6.413107199787319e-010	1.224872e-001	3.351887e-001
6.423107199787319e-010	1.036432e-001	3.436284e-001
6.433107199787319e-010	8.375147e-002	3.491803e-001
6.443107199787319e-010	6.283172e-002	3.526453e-001
6.453107199787319e-010	4.090644e-002	3.547921e-001
6.463107199787319e-010	1.800121e-002	3.562204e-001
6.473107199787319e-010	-5.855660e-003	3.573246e-001
6.483107199787319e-010	-3.063415e-002	3.583112e-001
6.493107199787319e-010	-5.630295e-002	3.592770e-001
6.503107199787319e-010	-8.282955e-002	3.602673e-001
6.513107199787318e-010	-1.101803e-001	3.613013e-001
6.523107199787318e-010	-1.383208e-001	3.623862e-001
6.533107199787318e-010	-1.672153e-001	3.635229e-001
6.543107199787318e-010	-1.968275e-001	3.647098e-001
6.553107199787318e-010	-2.271202e-001	3.659439e-001
6.563107199787318e-010	-2.580554e-001	3.672217e-001
6.573107199787318e-010	-2.895947e-001	3.685396e-001
6.583107199787318e-010	-3.216987e-001	3.698940e-001
6.593107199787318e-010	-3.543276e-001	3.712814e-001
6.603107199787318e-010	-3.874414e-001	3.726983e-001
6.613107199787318e-010	-4.209993e-001	3.741415e-001
6.623107199787318e-010	-4.549602e-001	3.756080e-001
6.633107199787318e-010	-4.892829e-001	3.770947e-001
6.643107199787318e-010	-5.239260e-001	3.785990e-001
6.653107199787318e-010	-5.588478e-001	3.801180e-001
6.663107199787318e-010	-5.940064e-001	3.816494e-001
6.673107199787318e-010	-6.293602e-001	3.831907e-001
6.683107199787318e-010	-6.648673e-001	3.847397e-001
6.693107199787318e-010	-7.004861e-001	3.862942e-001
6.703107199787318e-010	-7.361752e-001	3.878522e-001
6.713107199787318e-010	-7.718933e-001	3.894118e-001
6.723107199787318e-010	-8.075994e-001	3.909712e-001
6.733107199787318e-010	-8.432527e-001	3.925286e-001
6.743107199787318e-010	-8.788131e-001	3.940823e-001
6.753107199787318e-010	-9.142406e-001	3.956308e-001
6.763107199787318e-010	-9.494962e-001	3.971726e-001
6.773107199787318e-010	-9.845407e-001	3.987063e-001
6.793107199787318e-010	-1.053845e+000	4.017439e-001
6.813107199787317e-010	-1.121857e+000	4.047335e-001
6.843107199787317e-010	-1.220829e+000	4.091079e-001
6.873107199787317e-010	-1.315348e+000	4.133257e-001
6.903107199787317e-010	-1.404584e+000	4.173627e-001
6.933107199787317e-010	-1.487792e+000	4.211979e-001
6.963107199787317e-010	-1.564317e+000	4.248129e-001
6.993107199787317e-010	-1.633602e+000	4.281922e-001
7.023107199787317e-010	-1.695185e+000	4.313227e-001
7.053107199787317e-010	-1.748706e+000	4.341933e-001
7.083107199787317e-010	-1.793907e+000	4.367953e-001
7.113107199787316e-010	-1.830627e+000	4.391219e-001
7.125964342644459e-010	-1.843728e+000	4.400338e-001
7.138821485501602e-010	-1.855277e+000	4.408934e-001
7.151678628358745e-010	-1.865272e+000	4.417007e-001
7.164535771215888e-010	-1.873714e+000	4.424556e-001
7.177392914073030e-010	-1.880603e+000	4.431582e-001
7.190250056930173e-010	-1.885939e+000	4.438086e-001
7.203107199787316e-010	-1.889721e+000	4.444066e-001
7.213107199787316e-010	-1.891640e+000	4.448351e-001
7.223107199787316e-010	-1.892657e+000	4.452318e-001
7.233107199787316e-010	-1.892781e+000	4.455966e-001
7.243107199787316e-010	-1.892024e+000	4.459298e-001
7.253107199787316e-010	-1.890397e+000	4.462311e-001
7.263107199787316e-010	-1.887913e+000	4.465009e-001
7.283107199787316e-010	-1.880429e+000	4.469458e-001
7.303107199787316e-010	-1.869687e+000	4.472651e-001
7.323107199787316e-010	-1.855813e+000	4.474596e-001
7.343107199787316e-010	-1.838942e+000	4.475305e-001
7.353107199787316e-010	-1.829427e+000	4.475198e-001
7.373107199787316e-010	-1.808331e+000	4.474070e-001
7.403107199787315e-010	-1.771812e+000	4.470114e-001
7.433107199787315e-010	-1.729920e+000	4.463476e-001
7.443107199787315e-010	-1.714858e+000	4.460676e-001
7.463107199787315e-010	-1.683209e+000	4.454200e-001
7.483107199787315e-010	-1.649268e+000	4.446547e-001
7.503107199787315e-010	-1.614002e+000	4.437777e-001
7.523107199787315e-010	-1.577411e+000	4.427888e-001
7.543107199787315e-010	-1.539496e+000	4.416882e-001
7.563107199787315e-010	-1.500257e+000	4.404759e-001
7.583107199787315e-010	-1.459693e+000	4.391517e-001
7.603107199787315e-010	-1.417805e+000	4.377158e-001
7.633107199787315e-010	-1.354116e+000	4.353606e-001
7.653107199787315e-010	-1.310892e+000	4.336545e-001
7.673107199787314e-010	-1.267204e+000	4.318396e-001
7.683107199787314e-010	-1.245224e+000	4.308914e-001
7.693107199787314e-010	-1.223172e+000	4.299159e-001
7.703107199787314e-010	-1.201061e+000	4.289134e-001
7.713107199787314e-010	-1.178904e+000	4.278831e-001
7.723107199787314e-010	-1.156714e+000	4.268258e-001
7.733107199787314e-010	-1.134502e+000	4.257408e-001
7.743107199787314e-010	-1.112279e+000	4.246281e-001
7.753107199787314e-010	-1.090057e+000	4.234877e-001
7.763107199787314e-010	-1.067845e+000	4.223193e-001
7.773107199787314e-010	-1.045653e+000	4.211227e-001
7.783107199787314e-010	-1.023489e+000	4.198979e-001
7.793107199787314e-010	-1.001362e+000	4.186445e-001
7.803107199787314e-010	-9.792800e-001	4.173623e-001
7.813107199787314e-010	-9.572491e-001	4.160512e-001
7.823107199787314e-010	-9.352762e-001	4.147106e-001
7.833107199787314e-010	-9.133673e-001	4.133406e-001
7.843107199787314e-010	-8.915275e-001	4.119405e-001
7.853107199787314e-010	-8.697618e-001	4.105100e-001
7.863107199787314e-010	-8.480742e-001	4.090488e-001
7.873107199787314e-010	-8.264685e-001	4.075563e-001
7.883107199787314e-010	-8.049475e-001	4.060322e-001
7.893107199787314e-010	-7.835139e-001	4.044760e-001
7.903107199787314e-010	-7.621697e-001	4.028870e-001
7.913107199787314e-010	-7.409162e-001	4.012648e-001
7.923107199787314e-010	-7.197546e-001	3.996086e-001
7.933107199787314e-010	-6.986852e-001	3.979177e-001
7.943107199787314e-010	-6.777080e-001	3.961914e-001
7.953107199787313e-010	-6.568225e-001	3.944287e-001
7.963107199787313e-010	-6.360278e-001	3.926291e-001
7.973107199787313e-010	-6.153226e-001	3.907913e-001
7.983107199787313e-010	-5.947050e-001	3.889146e-001
7.993107199787313e-010	-5.741729e-001	3.869976e-001
8.003107199787313e-010	-5.537236e-001	3.850392e-001
8.013107199787313e-010	-5.333543e-001	3.830381e-001
8.023107199787313e-010	-5.130616e-001	3.809929e-001
8.033107199787313e-010	-4.928420e-001	3.789018e-001
8.043107199787313e-010	-4.726915e-001	3.767633e-001
8.053107199787313e-010	-4.526059e-001	3.745755e-001
8.063107199787313e-010	-4.325809e-001	3.723363e-001
8.073107199787313e-010	-4.126115e-001	3.700435e-001
8.083107199787313e-010	-3.926930e-001	3.676944e-001
8.093107199787313e-010	-3.728201e-001	3.652866e-001
8.103107199787313e-010	-3.529876e-001	3.628167e-001
8.113107199787313e-010	-3.331899e-001	3.602815e-001
8.123107199787313e-010	-3.134215e-001	3.576770e-001
8.133107199787313e-010	-2.936766e-001	3.549993e-001
8.143107199787313e-010	-2.739494e-001	3.522435e-001
8.153107199787313e-010	-2.542339e-001	3.494043e-001
8.163107199787313e-010	-2.345243e-001	3.464756e-001
8.173107199787313e-010	-2.148145e-001	3.434508e-001
8.183107199787313e-010	-1.950985e-001	3.403221e-001
8.193107199787313e-010	-1.753703e-001	3.370808e-001
8.203107199787313e-010	-1.556241e-001	3.337171e-001
8.213107199787313e-010	-1.358539e-001	3.302194e-001
8.223107199787313e-010	-1.160540e-001	3.265747e-001
8.233107199787313e-010	-9.621859e-002	3.227681e-001
8.243107199787312e-010	-7.634214e-002	3.187822e-001
8.253107199787312e-010	-5.641916e-002	3.145972e-001
8.263107199787312e-010	-3.644446e-002	3.101898e-001
8.273107199787312e-010	-1.641291e-002	3.055336e-001
8.283107199787312e-010	3.680259e-003	3.005980e-001
8.293107199787312e-010	2.383974e-002	2.953475e-001
8.303107199787312e-010	4.406980e-002	2.897419e-001
8.313107199787312e-010	6.437442e-002	2.837352e-001
8.323107199787312e-010	8.475706e-002	2.772756e-001
8.333107199787312e-010	1.052206e-001	2.703057e-001
8.343107199787312e-010	1.257667e-001	2.627624e-001
8.353107199787312e-010	1.463954e-001	2.545783e-001
8.363107199787312e-010	1.671030e-001	2.456832e-001
8.373107199787312e-010	1.878789e-001	2.360062e-001
8.383107199787312e-010	2.086982e-001	2.254786e-001
8.393107199787312e-010	2.295073e-001	2.140366e-001
8.403107199787312e-010	2.501750e-001	2.016225e-001
8.413107199787312e-010	2.704124e-001	1.881852e-001
8.423107199787312e-010	2.897264e-001	1.736909e-001
8.433107199787312e-010	3.074139e-001	1.581272e-001
8.443107199787312e-010	3.226257e-001	1.414912e-001
8.453107199787312e-010	3.346454e-001	1.237836e-001
8.463107199787312e-010	3.432820e-001	1.050122e-001
8.473107199787312e-010	3.489858e-001	8.519201e-002
8.483107199787312e-010	3.525487e-001	6.434233e-002
8.493107199787312e-010	3.547476e-001	4.248542e-002
8.503107199787312e-010	3.561983e-001	1.964669e-002
8.513107199787312e-010	3.573094e-001	-4.145654e-003
8.523107199787312e-010	3.582957e-001	-2.886171e-002
8.533107199787311e-010	3.592579e-001	-5.447024e-002
8.543107199787311e-010	3.602431e-001	-8.093881e-002
8.553107199787311e-010	3.612717e-001	-1.082339e-001
8.563107199787311e-010	3.623510e-001	-1.363210e-001
8.573107199787311e-010	3.634823e-001	-1.651646e-001
8.583107199787311e-010	3.646640e-001	-1.947283e-001
8.593107199787311e-010	3.658932e-001	-2.249752e-001
8.603107199787311e-010	3.671665e-001	-2.558671e-001
8.613107199787311e-010	3.684802e-001	-2.873657e-001
8.623107199787311e-010	3.698306e-001	-3.194317e-001
8.633107199787311e-010	3.712143e-001	-3.520254e-001
8.643107199787311e-010	3.726279e-001	-3.851066e-001
8.653107199787311e-010	3.740680e-001	-4.186346e-001
8.663107199787311e-010	3.755317e-001	-4.525686e-001
8.673107199787311e-010	3.770158e-001	-4.868671e-001
8.683107199787311e-010	3.785177e-001	-5.214888e-001
8.693107199787311e-010	3.800347e-001	-5.563919e-001
8.703107199787311e-010	3.815642e-001	-5.915348e-001
8.713107199787311e-010	3.831038e-001	-6.268756e-001
8.723107199787311e-010	3.846513e-001	-6.623727e-001
8.733107199787311e-010	3.862045e-001	-6.979843e-001
8.743107199787311e-010	3.877614e-001	-7.336689e-001
8.753107199787311e-010	3.893200e-001	-7.693853e-001
8.763107199787311e-010	3.908785e-001	-8.050924e-001
8.773107199787311e-010	3.924353e-001	-8.407497e-001
8.783107199787311e-010	3.939885e-001	-8.763167e-001
8.793107199787311e-010	3.955367e-001	-9.117535e-001
8.803107199787311e-010	3.970783e-001	-9.470210e-001
8.813107199787311e-010	3.986118e-001	-9.820802e-001
8.833107199787310e-010	4.016496e-001	-1.051422e+000
8.853107199787310e-010	4.046398e-001	-1.119480e+000
8.883107199787310e-010	4.090159e-001	-1.218541e+000
8.913107199787310e-010	4.132362e-001	-1.313168e+000
8.943107199787310e-010	4.172764e-001	-1.402531e+000
8.973107199787310e-010	4.211155e-001	-1.485882e+000
9.003107199787310e-010	4.247349e-001	-1.562566e+000
9.033107199787310e-010	4.281192e-001	-1.632020e+000
9.063107199787310e-010	4.312549e-001	-1.693784e+000
9.093107199787310e-010	4.341313e-001	-1.747494e+000
9.123107199787309e-010	4.367393e-001	-1.792889e+000
9.153107199787309e-010	4.390721e-001	-1.829806e+000
9.167392914073024e-010	4.400853e-001	-1.844354e+000
9.181678628358738e-010	4.410338e-001	-1.856989e+000
9.195964342644452e-010	4.419178e-001	-1.867712e+000
9.210250056930166e-010	4.427371e-001	-1.876522e+000
9.224535771215881e-010	4.434919e-001	-1.883420e+000
9.238821485501595e-010	4.441820e-001	-1.888405e+000
9.253107199787309e-010	4.448075e-001	-1.891479e+000
9.263107199787309e-010	4.452065e-001	-1.892559e+000
9.273107199787309e-010	4.455737e-001	-1.892747e+000
9.283107199787309e-010	4.459091e-001	-1.892052e+000
9.293107199787309e-010	4.462129e-001	-1.890488e+000
9.303107199787309e-010	4.464849e-001	-1.888065e+000
9.323107199787309e-010	4.469345e-001	-1.880702e+000
9.343107199787311e-010	4.472585e-001	-1.870076e+000
9.363107199787313e-010	4.474578e-001	-1.856315e+000
9.383107199787315e-010	4.475332e-001	-1.839552e+000
9.393107199787316e-010	4.475249e-001	-1.830089e+000
9.413107199787318e-010	4.474168e-001	-1.809095e+000
9.443107199787321e-010	4.470280e-001	-1.772719e+000
9.473107199787324e-010	4.463713e-001	-1.730959e+000
9.483107199787325e-010	4.460936e-001	-1.715937e+000
9.503107199787327e-010	4.454508e-001	-1.684367e+000
9.523107199787329e-010	4.446900e-001	-1.650498e+000
9.543107199787331e-010	4.438175e-001	-1.615300e+000
9.563107199787333e-010	4.428332e-001	-1.578772e+000
9.583107199787335e-010	4.417371e-001	-1.540914e+000
9.603107199787337e-010	4.405293e-001	-1.501726e+000
9.623107199787339e-010	4.392098e-001	-1.461209e+000
9.643107199787341e-010	4.377785e-001	-1.419363e+000
9.673107199787344e-010	4.354300e-001	-1.355728e+000
9.693107199787346e-010	4.337285e-001	-1.312534e+000
9.713107199787348e-010	4.319181e-001	-1.268872e+000
9.733107199787350e-010	4.299991e-001	-1.224862e+000
9.743107199787351e-010	4.289989e-001	-1.202760e+000
9.753107199787352e-010	4.279712e-001	-1.180612e+000
9.763107199787353e-010	4.269160e-001	-1.158430e+000
9.773107199787354e-010	4.258335e-001	-1.136225e+000
9.783107199787355e-010	4.247230e-001	-1.114009e+000
9.793107199787356e-010	4.235849e-001	-1.091792e+000
9.803107199787357e-010	4.224188e-001	-1.069585e+000
9.813107199787358e-010	4.212248e-001	-1.047397e+000
9.823107199787359e-010	4.200023e-001	-1.025237e+000
9.833107199787360e-010	4.187514e-001	-1.003113e+000
9.843107199787361e-010	4.174717e-001	-9.810327e-001
9.853107199787362e-010	4.161631e-001	-9.590036e-001
9.863107199787363e-010	4.148250e-001	-9.370320e-001
9.873107199787364e-010	4.134574e-001	-9.151238e-001
9.883107199787365e-010	4.120598e-001	-8.932845e-001
9.893107199787366e-010	4.106320e-001	-8.715187e-001
9.903107199787367e-010	4.091734e-001	-8.498308e-001
9.913107199787368e-010	4.076836e-001	-8.282243e-001
9.923107199787369e-010	4.061623e-001	-8.067024e-001
9.933107199787370e-010	4.046088e-001	-7.852676e-001
9.943107199787371e-010	4.030225e-001	-7.639220e-001
9.953107199787372e-010	4.014032e-001	-7.426669e-001
9.963107199787373e-010	3.997498e-001	-7.215034e-001
9.973107199787374e-010	3.980618e-001	-7.004321e-001
9.983107199787375e-010	3.963385e-001	-6.794530e-001
9.993107199787376e-010	3.945790e-001	-6.585654e-001
1.000310719978738e-009	3.927824e-001	-6.377687e-001
1.001310719978738e-009	3.909479e-001	-6.170613e-001
1.002310719978738e-009	3.890745e-001	-5.964416e-001
1.003310719978738e-009	3.871610e-001	-5.759074e-001
1.004310719978738e-009	3.852061e-001	-5.554562e-001
1.005310719978738e-009	3.832085e-001	-5.350850e-001
1.006310719978738e-009	3.811671e-001	-5.147905e-001
1.007310719978738e-009	3.790799e-001	-4.945692e-001
1.008310719978739e-009	3.769454e-001	-4.744172e-001
1.009310719978739e-009	3.747618e-001	-4.543304e-001
1.010310719978739e-009	3.725270e-001	-4.343041e-001
1.011310719978739e-009	3.702387e-001	-4.143338e-001
1.012310719978739e-009	3.678944e-001	-3.944146e-001
1.013310719978739e-009	3.654915e-001	-3.745412e-001
1.014310719978739e-009	3.630269e-001	-3.547084e-001
1.015310719978739e-009	3.604973e-001	-3.349107e-001
1.016310719978739e-009	3.578988e-001	-3.151425e-001
1.017310719978739e-009	3.552273e-001	-2.953981e-001
1.018310719978740e-009	3.524781e-001	-2.756717e-001
1.019310719978740e-009	3.496459e-001	-2.559573e-001
1.020310719978740e-009	3.467249e-001	-2.362489e-001
1.021310719978740e-009	3.437083e-001	-2.165407e-001
1.022310719978740e-009	3.405886e-001	-1.968266e-001
1.023310719978740e-009	3.373570e-001	-1.771006e-001
1.024310719978740e-009	3.340037e-001	-1.573568e-001
1.025310719978740e-009	3.305176e-001	-1.375893e-001
1.026310719978740e-009	3.268857e-001	-1.177923e-001
1.027310719978740e-009	3.230931e-001	-9.796011e-002
1.028310719978741e-009	3.191227e-001	-7.808709e-002
1.029310719978741e-009	3.149549e-001	-5.816785e-002
1.030310719978741e-009	3.105669e-001	-3.819707e-002
1.031310719978741e-009	3.059324e-001	-1.816970e-002
1.032310719978741e-009	3.010212e-001	1.919150e-003
1.033310719978741e-009	2.957982e-001	2.207413e-002
1.034310719978741e-009	2.902237e-001	4.229954e-002
1.035310719978741e-009	2.842520e-001	6.259933e-002
1.036310719978741e-009	2.778320e-001	8.297713e-002
1.037310719978741e-009	2.709065e-001	1.034357e-001
1.038310719978742e-009	2.634131e-001	1.239771e-001
1.039310719978742e-009	2.552847e-001	1.446012e-001
1.040310719978742e-009	2.464511e-001	1.653049e-001
1.041310719978742e-009	2.368414e-001	1.860784e-001
1.042310719978742e-009	2.263865e-001	2.068986e-001
1.043310719978742e-009	2.150223e-001	2.277150e-001
1.044310719978742e-009	2.026900e-001	2.484043e-001
1.045310719978742e-009	1.893376e-001	2.686932e-001
1.046310719978742e-009	1.749302e-001	2.881109e-001
1.047310719978742e-009	1.594545e-001	3.059742e-001
1.048310719978743e-009	1.429069e-001	3.214364e-001
1.049310719978743e-009	1.252874e-001	3.337517e-001
1.050310719978743e-009	1.066030e-001	3.426751e-001
1.051310719978743e-009	8.686847e-002	3.486095e-001
1.052310719978743e-009	6.610264e-002	3.523274e-001
1.053310719978743e-009	4.432750e-002	3.546135e-001
1.054310719978743e-009	2.156825e-002	3.561055e-001
1.055310719978743e-009	-2.147088e-003	3.572333e-001
1.056310719978743e-009	-2.678870e-002	3.582245e-001
1.057310719978743e-009	-5.232546e-002	3.591861e-001
1.058310719978744e-009	-7.872503e-002	3.601682e-001
1.059310719978744e-009	-1.059540e-001	3.611926e-001
1.060310719978744e-009	-1.339778e-001	3.622675e-001
1.061310719978744e-009	-1.627612e-001	3.633944e-001
1.062310719978744e-009	-1.922678e-001	3.645720e-001
1.063310719978744e-009	-2.224606e-001	3.657973e-001
1.064310719978744e-009	-2.533017e-001	3.670669e-001
1.065310719978744e-009	-2.847526e-001	3.683773e-001
1.066310719978744e-009	-3.167743e-001	3.697247e-001
1.067310719978744e-009	-3.493269e-001	3.711057e-001
1.068310719978745e-009	-3.823705e-001	3.725169e-001
1.069310719978745e-009	-4.158642e-001	3.739548e-001
1.070310719978745e-009	-4.497673e-001	3.754166e-001
1.071310719978745e-009	-4.840384e-001	3.768990e-001
1.072310719978745e-009	-5.186360e-001	3.783995e-001
1.073310719978745e-009	-5.535186e-001	3.799152e-001
1.074310719978745e-009	-5.886444e-001	3.814436e-001
1.075310719978745e-009	-6.239715e-001	3.829824e-001
1.076310719978745e-009	-6.594584e-001	3.845292e-001
1.077310719978745e-009	-6.950631e-001	3.860820e-001
1.078310719978746e-009	-7.307444e-001	3.876385e-001
1.079310719978746e-009	-7.664607e-001	3.891970e-001
1.080310719978746e-009	-8.021713e-001	3.907556e-001
1.081310719978746e-009	-8.378352e-001	3.923124e-001
1.082310719978746e-009	-8.734122e-001	3.938660e-001
1.083310719978746e-009	-9.088623e-001	3.954145e-001
1.084310719978746e-009	-9.441462e-001	3.969566e-001
1.085310719978746e-009	-9.792250e-001	3.984909e-001
1.087310719978746e-009	-1.048615e+000	4.015303e-001
1.089310719978747e-009	-1.116734e+000	4.045225e-001
1.092310719978747e-009	-1.215906e+000	4.089022e-001
1.095310719978747e-009	-1.310669e+000	4.131270e-001
1.098310719978748e-009	-1.400189e+000	4.171723e-001
1.101310719978748e-009	-1.483716e+000	4.210170e-001
1.104310719978748e-009	-1.560592e+000	4.246425e-001
1.107310719978748e-009	-1.630252e+000	4.280332e-001
1.110310719978749e-009	-1.692232e+000	4.311758e-001
1.113310719978749e-009	-1.746167e+000	4.340593e-001
1.116310719978749e-009	-1.791793e+000	4.366745e-001
1.119310719978750e-009	-1.828943e+000	4.390149e-001
1.120739291407321e-009	-1.843603e+000	4.400316e-001
1.122167862835893e-009	-1.856349e+000	4.409838e-001
1.123596434264464e-009	-1.867182e+000	4.418714e-001
1.125025005693036e-009	-1.876102e+000	4.426944e-001
1.126453577121608e-009	-1.883108e+000	4.434527e-001
1.127882148550179e-009	-1.888201e+000	4.441465e-001
1.129310719978751e-009	-1.891381e+000	4.447756e-001
1.130310719978751e-009	-1.892535e+000	4.451773e-001
1.131310719978751e-009	-1.892795e+000	4.455470e-001
1.132310719978751e-009	-1.892172e+000	4.458849e-001
1.133310719978751e-009	-1.890678e+000	4.461913e-001
1.134310719978751e-009	-1.888324e+000	4.464658e-001
1.136310719978751e-009	-1.881096e+000	4.469205e-001
1.138310719978752e-009	-1.870600e+000	4.472496e-001
1.140310719978752e-009	-1.856963e+000	4.474537e-001
1.142310719978752e-009	-1.840319e+000	4.475343e-001
1.143310719978752e-009	-1.830914e+000	4.475284e-001
1.145310719978752e-009	-1.810029e+000	4.474251e-001
1.148310719978753e-009	-1.773804e+000	4.470437e-001
1.151310719978753e-009	-1.732181e+000	4.463940e-001
1.152310719978753e-009	-1.717202e+000	4.461186e-001
1.154310719978753e-009	-1.685712e+000	4.454805e-001
1.156310719978753e-009	-1.651915e+000	4.447244e-001
1.158310719978754e-009	-1.616782e+000	4.438564e-001
1.160310719978754e-009	-1.580313e+000	4.428767e-001
1.162310719978754e-009	-1.542508e+000	4.417852e-001
1.164310719978754e-009	-1.503367e+000	4.405818e-001
1.166310719978754e-009	-1.462890e+000	4.392666e-001
1.168310719978755e-009	-1.421077e+000	4.378396e-001
1.171310719978755e-009	-1.357482e+000	4.354979e-001
1.173310719978755e-009	-1.314308e+000	4.338007e-001
1.175310719978755e-009	-1.270662e+000	4.319949e-001
1.177310719978755e-009	-1.226662e+000	4.300803e-001
1.178310719978756e-009	-1.204564e+000	4.290820e-001
1.179310719978756e-009	-1.182419e+000	4.280565e-001
1.180310719978756e-009	-1.160238e+000	4.270035e-001
1.181310719978756e-009	-1.138034e+000	4.259232e-001
1.182310719978756e-009	-1.115818e+000	4.248151e-001
1.183310719978756e-009	-1.093600e+000	4.236793e-001
1.184310719978756e-009	-1.071391e+000	4.225155e-001
1.185310719978756e-009	-1.049201e+000	4.213237e-001
1.186310719978756e-009	-1.027037e+000	4.201034e-001
1.187310719978756e-009	-1.004909e+000	4.188548e-001
1.188310719978757e-009	-9.828250e-001	4.175776e-001
1.189310719978757e-009	-9.607910e-001	4.162712e-001
1.190310719978757e-009	-9.388139e-001	4.149355e-001
1.191310719978757e-009	-9.168999e-001	4.135704e-001
1.192310719978757e-009	-8.950544e-001	4.121753e-001
1.193310719978757e-009	-8.732821e-001	4.107499e-001
1.194310719978757e-009	-8.515873e-001	4.092938e-001
1.195310719978757e-009	-8.299738e-001	4.078066e-001
1.196310719978757e-009	-8.084445e-001	4.062879e-001
1.197310719978757e-009	-7.870023e-001	4.047370e-001
1.198310719978758e-009	-7.656490e-001	4.031535e-001
1.199310719978758e-009	-7.443863e-001	4.015368e-001
1.200310719978758e-009	-7.232152e-001	3.998863e-001
1.201310719978758e-009	-7.021362e-001	3.982011e-001
1.202310719978758e-009	-6.811494e-001	3.964807e-001
1.203310719978758e-009	-6.602543e-001	3.947242e-001
1.204310719978758e-009	-6.394501e-001	3.929307e-001
1.205310719978758e-009	-6.187354e-001	3.910995e-001
1.206310719978758e-009	-5.981086e-001	3.892291e-001
1.207310719978758e-009	-5.775676e-001	3.873188e-001
1.208310719978759e-009	-5.571097e-001	3.853673e-001
1.209310719978759e-009	-5.367321e-001	3.833734e-001
1.210310719978759e-009	-5.164316e-001	3.813355e-001
1.211310719978759e-009	-4.962046e-001	3.792522e-001
1.212310719978759e-009	-4.760472e-001	3.771217e-001
1.213310719978759e-009	-4.559553e-001	3.749421e-001
1.214310719978759e-009	-4.359245e-001	3.727115e-001
1.215310719978759e-009	-4.159500e-001	3.704277e-001
1.216310719978759e-009	-3.960269e-001	3.680882e-001
1.217310719978759e-009	-3.761502e-001	3.656902e-001
1.218310719978760e-009	-3.563146e-001	3.632307e-001
1.219310719978760e-009	-3.365145e-001	3.607064e-001
1.220310719978760e-009	-3.167444e-001	3.581138e-001
1.221310719978760e-009	-2.969986e-001	3.554484e-001
1.222310719978760e-009	-2.772713e-001	3.527057e-001
1.223310719978760e-009	-2.575564e-001	3.498806e-001
1.224310719978760e-009	-2.378481e-001	3.469671e-001
1.225310719978760e-009	-2.181405e-001	3.439586e-001
1.226310719978760e-009	-1.984274e-001	3.408476e-001
1.227310719978760e-009	-1.787030e-001	3.376255e-001
1.228310719978761e-009	-1.589613e-001	3.342826e-001
1.229310719978761e-009	-1.391964e-001	3.308078e-001
1.230310719978761e-009	-1.194025e-001	3.271883e-001
1.231310719978761e-009	-9.957376e-002	3.234094e-001
1.232310719978761e-009	-7.970473e-002	3.194543e-001
1.233310719978761e-009	-5.978990e-002	3.153035e-001
1.234310719978761e-009	-3.982398e-002	3.109344e-001
1.235310719978761e-009	-1.980186e-002	3.063212e-001
1.236310719978761e-009	2.813637e-004	3.014338e-001
1.237310719978761e-009	2.043033e-002	2.962378e-001
1.238310719978762e-009	4.064935e-002	2.906936e-001
1.239310719978762e-009	6.094250e-002	2.847562e-001
1.240310719978762e-009	8.131328e-002	2.783749e-001
1.241310719978762e-009	1.017648e-001	2.714931e-001
1.242310719978762e-009	1.222988e-001	2.640486e-001
1.243310719978762e-009	1.429158e-001	2.559747e-001
1.244310719978762e-009	1.636128e-001	2.472014e-001
1.245310719978762e-009	1.843808e-001	2.376578e-001
1.246310719978762e-009	2.051981e-001	2.272745e-001
1.247310719978762e-009	2.260173e-001	2.159869e-001
1.248310719978763e-009	2.467221e-001	2.037354e-001
1.249310719978763e-009	2.670534e-001	1.904669e-001
1.250310719978763e-009	2.865612e-001	1.761455e-001
1.251310719978763e-009	3.045819e-001	1.607571e-001
1.252310719978763e-009	3.202739e-001	1.442973e-001
1.253310719978763e-009	3.328666e-001	1.267653e-001
1.254310719978763e-009	3.420649e-001	1.081676e-001
1.255310719978763e-009	3.482243e-001	8.851840e-002
1.256310719978763e-009	3.520962e-001	6.783626e-002
1.257310719978763e-009	3.544700e-001	4.614283e-002
1.258310719978764e-009	3.560040e-001	2.346307e-002
1.259310719978764e-009	3.571490e-001	-1.751324e-004
1.260310719978764e-009	3.581455e-001	-2.474210e-002
1.261310719978764e-009	3.591067e-001	-5.020680e-002
1.262310719978764e-009	3.600859e-001	-7.653700e-002
1.263310719978764e-009	3.611064e-001	-1.036993e-001
1.264310719978764e-009	3.621770e-001	-1.316594e-001
1.265310719978764e-009	3.632997e-001	-1.603820e-001
1.266310719978764e-009	3.644732e-001	-1.898307e-001
1.267310719978764e-009	3.656947e-001	-2.199687e-001
1.268310719978765e-009	3.669610e-001	-2.507582e-001
1.269310719978765e-009	3.682681e-001	-2.821606e-001
1.270310719978765e-009	3.696127e-001	-3.141370e-001
1.271310719978765e-009	3.709911e-001	-3.466477e-001
1.272310719978765e-009	3.723999e-001	-3.796525e-001
1.273310719978765e-009	3.738358e-001	-4.131109e-001
1.274310719978765e-009	3.752957e-001	-4.469819e-001
1.275310719978765e-009	3.767766e-001	-4.812244e-001
1.276310719978765e-009	3.782757e-001	-5.157968e-001
1.277310719978765e-009	3.797903e-001	-5.506576e-001
1.278310719978766e-009	3.813178e-001	-5.857649e-001
1.279310719978766e-009	3.828558e-001	-6.210771e-001
1.280310719978766e-009	3.844021e-001	-6.565523e-001
1.281310719978766e-009	3.859544e-001	-6.921489e-001
1.282310719978766e-009	3.875108e-001	-7.278254e-001
1.283310719978766e-009	3.890692e-001	-7.635404e-001
1.284310719978766e-009	3.906278e-001	-7.992529e-001
1.285310719978766e-009	3.921849e-001	-8.349220e-001
1.286310719978766e-009	3.937388e-001	-8.705075e-001
1.287310719978766e-009	3.952878e-001	-9.059694e-001
1.288310719978767e-009	3.968305e-001	-9.412683e-001
1.289310719978767e-009	3.983654e-001	-9.763652e-001
1.291310719978767e-009	4.014066e-001	-1.045801e+000
1.293310719978767e-009	4.044010e-001	-1.113977e+000
1.295310719978767e-009	4.073392e-001	-1.180608e+000
1.298310719978768e-009	4.116229e-001	-1.277061e+000
1.301310719978768e-009	4.157355e-001	-1.368561e+000
1.304310719978768e-009	4.196548e-001	-1.454330e+000
1.307310719978768e-009	4.233613e-001	-1.533674e+000
1.310310719978769e-009	4.268383e-001	-1.605995e+000
1.313310719978769e-009	4.300718e-001	-1.670792e+000
1.316310719978769e-009	4.330499e-001	-1.727664e+000
1.319310719978770e-009	4.357627e-001	-1.776310e+000
1.322310719978770e-009	4.382030e-001	-1.816529e+000
1.323739291407342e-009	4.392680e-001	-1.832665e+000
1.325167862835913e-009	4.402687e-001	-1.846879e+000
1.326596434264485e-009	4.412049e-001	-1.859171e+000
1.328025005693056e-009	4.420767e-001	-1.869540e+000
1.329453577121628e-009	4.428840e-001	-1.877987e+000
1.330882148550199e-009	4.436269e-001	-1.884511e+000
1.332310719978771e-009	4.443054e-001	-1.889113e+000
1.333310719978771e-009	4.447414e-001	-1.891245e+000
1.334310719978771e-009	4.451454e-001	-1.892473e+000
1.335310719978771e-009	4.455178e-001	-1.892805e+000
1.336310719978771e-009	4.458584e-001	-1.892254e+000
1.337310719978771e-009	4.461673e-001	-1.890831e+000
1.338310719978771e-009	4.464445e-001	-1.888547e+000
1.340310719978772e-009	4.469043e-001	-1.881455e+000
1.342310719978772e-009	4.472385e-001	-1.871091e+000
1.344310719978772e-009	4.474478e-001	-1.857579e+000
1.346310719978772e-009	4.475333e-001	-1.841056e+000
1.347310719978772e-009	4.475299e-001	-1.831708e+000
1.349310719978773e-009	4.474316e-001	-1.810934e+000
1.352310719978773e-009	4.470576e-001	-1.774865e+000
1.355310719978773e-009	4.464152e-001	-1.733382e+000
1.357310719978773e-009	4.458400e-001	-1.702991e+000
1.360310719978774e-009	4.447597e-001	-1.653715e+000
1.362310719978774e-009	4.438942e-001	-1.618256e+000
1.364310719978774e-009	4.429177e-001	-1.581610e+000
1.366310719978774e-009	4.418302e-001	-1.543779e+000
1.368310719978774e-009	4.406317e-001	-1.504761e+000
1.370310719978775e-009	4.393223e-001	-1.464557e+000
1.372310719978775e-009	4.379019e-001	-1.423168e+000
1.374310719978775e-009	4.363705e-001	-1.380592e+000
1.376310719978775e-009	4.347320e-001	-1.337726e+000
1.378310719978775e-009	4.329849e-001	-1.294320e+000
1.380310719978776e-009	4.311291e-001	-1.250497e+000
1.381310719978776e-009	4.301605e-001	-1.228465e+000
1.382310719978776e-009	4.291646e-001	-1.206372e+000
1.383310719978776e-009	4.281412e-001	-1.184230e+000
1.384310719978776e-009	4.270906e-001	-1.162052e+000
1.385310719978776e-009	4.260125e-001	-1.139849e+000
1.386310719978776e-009	4.249066e-001	-1.117633e+000
1.387310719978776e-009	4.237730e-001	-1.095415e+000
1.388310719978776e-009	4.226115e-001	-1.073205e+000
1.389310719978777e-009	4.214220e-001	-1.051013e+000
1.390310719978777e-009	4.202041e-001	-1.028847e+000
1.391310719978777e-009	4.189579e-001	-1.006716e+000
1.392310719978777e-009	4.176828e-001	-9.846276e-001
1.393310719978777e-009	4.163788e-001	-9.625891e-001
1.394310719978777e-009	4.150457e-001	-9.406072e-001
1.395310719978777e-009	4.136829e-001	-9.186877e-001
1.396310719978777e-009	4.122903e-001	-8.968364e-001
1.397310719978777e-009	4.108673e-001	-8.750579e-001
1.398310719978777e-009	4.094138e-001	-8.533565e-001
1.399310719978778e-009	4.079292e-001	-8.317362e-001
1.400310719978778e-009	4.064131e-001	-8.101999e-001
1.401310719978778e-009	4.048648e-001	-7.887503e-001
1.402310719978778e-009	4.032840e-001	-7.673897e-001
1.403310719978778e-009	4.016700e-001	-7.461195e-001
1.404310719978778e-009	4.000221e-001	-7.249408e-001
1.405310719978778e-009	3.983400e-001	-7.038542e-001
1.406310719978778e-009	3.966224e-001	-6.828598e-001
1.407310719978778e-009	3.948689e-001	-6.619571e-001
1.408310719978778e-009	3.930785e-001	-6.411455e-001
1.409310719978779e-009	3.912503e-001	-6.204235e-001
1.410310719978779e-009	3.893833e-001	-5.997896e-001
1.411310719978779e-009	3.874763e-001	-5.792415e-001
1.412310719978779e-009	3.855283e-001	-5.587769e-001
1.413310719978779e-009	3.835378e-001	-5.383928e-001
1.414310719978779e-009	3.815035e-001	-5.180860e-001
1.415310719978779e-009	3.794239e-001	-4.978531e-001
1.416310719978779e-009	3.772972e-001	-4.776901e-001
1.417310719978779e-009	3.751218e-001	-4.575930e-001
1.418310719978779e-009	3.728955e-001	-4.375572e-001
1.419310719978780e-009	3.706161e-001	-4.175783e-001
1.420310719978780e-009	3.682812e-001	-3.976512e-001
1.421310719978780e-009	3.658881e-001	-3.777708e-001
1.422310719978780e-009	3.634338e-001	-3.579319e-001
1.423310719978780e-009	3.609149e-001	-3.381292e-001
1.424310719978780e-009	3.583279e-001	-3.183568e-001
1.425310719978780e-009	3.556687e-001	-2.986091e-001
1.426310719978780e-009	3.529325e-001	-2.788804e-001
1.427310719978780e-009	3.501143e-001	-2.591647e-001
1.428310719978780e-009	3.472083e-001	-2.394560e-001
1.429310719978781e-009	3.442079e-001	-2.197485e-001
1.430310719978781e-009	3.411055e-001	-2.000361e-001
1.431310719978781e-009	3.378928e-001	-1.803128e-001
1.432310719978781e-009	3.345602e-001	-1.605726e-001
1.433310719978781e-009	3.310966e-001	-1.408098e-001
1.434310719978781e-009	3.274894e-001	-1.210184e-001
1.435310719978781e-009	3.237241e-001	-1.011927e-001
1.436310719978781e-009	3.197841e-001	-8.132714e-002
1.437310719978781e-009	3.156500e-001	-6.141621e-002
1.438310719978781e-009	3.112997e-001	-4.145461e-002
1.439310719978782e-009	3.067075e-001	-2.143720e-002
1.440310719978782e-009	3.018437e-001	-1.359165e-003
1.441310719978782e-009	2.966743e-001	1.878428e-002
1.442310719978782e-009	2.911601e-001	3.899744e-002
1.443310719978782e-009	2.852566e-001	5.928439e-002
1.444310719978782e-009	2.789136e-001	7.964881e-002
1.445310719978782e-009	2.720749e-001	1.000936e-001
1.446310719978782e-009	2.646788e-001	1.206209e-001
1.447310719978782e-009	2.566588e-001	1.412311e-001
1.448310719978782e-009	2.479453e-001	1.619219e-001
1.449310719978783e-009	2.384672e-001	1.826847e-001
1.450310719978783e-009	2.281549e-001	2.034992e-001
1.451310719978783e-009	2.169434e-001	2.243210e-001
1.452310719978783e-009	2.047722e-001	2.450404e-001
1.453310719978783e-009	1.915872e-001	2.654118e-001
1.454310719978783e-009	1.773516e-001	2.850053e-001
1.455310719978783e-009	1.620502e-001	3.031775e-001
1.456310719978783e-009	1.456780e-001	3.190936e-001
1.457310719978783e-009	1.282333e-001	3.319611e-001
1.458310719978783e-009	1.097223e-001	3.414361e-001
1.459310719978784e-009	9.015843e-002	3.478259e-001
1.460310719978784e-009	6.955997e-002	3.518574e-001
1.461310719978784e-009	4.794826e-002	3.543232e-001
1.462310719978784e-009	2.534803e-002	3.559015e-001
1.463310719978784e-009	1.787005e-003	3.570650e-001
1.464310719978784e-009	-2.270525e-002	3.580673e-001
1.465310719978784e-009	-4.809782e-002	3.590284e-001
1.466310719978784e-009	-7.435855e-002	3.600048e-001
1.467310719978784e-009	-1.014542e-001	3.610213e-001
1.468310719978784e-009	-1.293504e-001	3.620877e-001
1.469310719978785e-009	-1.580120e-001	3.632061e-001
1.470310719978785e-009	-1.874028e-001	3.643756e-001
1.471310719978785e-009	-2.174859e-001	3.655933e-001
1.472310719978785e-009	-2.482235e-001	3.668560e-001
1.473310719978785e-009	-2.795773e-001	3.681599e-001
1.474310719978785e-009	-3.115082e-001	3.695016e-001
1.475310719978785e-009	-3.439767e-001	3.708774e-001
1.476310719978785e-009	-3.769426e-001	3.722838e-001
1.477310719978785e-009	-4.103654e-001	3.737176e-001
1.478310719978785e-009	-4.442042e-001	3.751757e-001
1.479310719978786e-009	-4.784178e-001	3.766550e-001
1.480310719978786e-009	-5.129648e-001	3.781527e-001
1.481310719978786e-009	-5.478035e-001	3.796661e-001
1.482310719978786e-009	-5.828922e-001	3.811926e-001
1.483310719978786e-009	-6.181891e-001	3.827299e-001
1.484310719978786e-009	-6.536525e-001	3.842756e-001
1.485310719978786e-009	-6.892406e-001	3.858275e-001
1.486310719978786e-009	-7.249120e-001	3.873836e-001
1.487310719978786e-009	-7.606253e-001	3.889419e-001
1.488310719978786e-009	-7.963394e-001	3.905006e-001
1.489310719978787e-009	-8.320135e-001	3.920579e-001
1.490310719978787e-009	-8.676072e-001	3.936120e-001
1.491310719978787e-009	-9.030806e-001	3.951615e-001
1.492310719978787e-009	-9.383942e-001	3.967048e-001
1.493310719978787e-009	-9.735089e-001	3.982404e-001
1.495310719978787e-009	-1.042989e+000	4.012833e-001
1.497310719978787e-009	-1.111222e+000	4.042797e-001
1.499310719978788e-009	-1.177958e+000	4.072216e-001
1.500000000000000e-009	-1.200623e+000	4.082233e-001
