time	V(vcj2b)
0.000000000000000e+000	0.000000e+000
1.170285695298015e-014	3.229311e-017
2.340571390596030e-014	5.581071e-017
3.510857085894045e-014	7.055279e-017
4.681142781192060e-014	7.651935e-017
5.851428476490076e-014	7.371039e-017
7.021714171788090e-014	6.212592e-017
8.191999867086103e-014	4.176593e-017
1.638399973417221e-013	3.811785e-017
3.276799946834441e-013	6.265349e-017
6.553599893668882e-013	3.528391e-016
1.310719978733776e-012	4.605571e-015
2.310719978733776e-012	6.014235e-014
3.310719978733776e-012	4.216418e-013
4.310719978733776e-012	2.085280e-012
5.310719978733776e-012	7.971720e-012
6.310719978733775e-012	2.516982e-011
7.310719978733775e-012	6.870228e-011
8.310719978733775e-012	1.673519e-010
9.310719978733775e-012	3.721540e-010
1.031071997873377e-011	7.682514e-010
1.131071997873377e-011	1.490927e-009
1.231071997873377e-011	2.746807e-009
1.331071997873377e-011	4.841537e-009
1.431071997873377e-011	8.215718e-009
1.531071997873377e-011	1.349165e-008
1.631071997873377e-011	2.153468e-008
1.731071997873377e-011	3.353481e-008
1.831071997873377e-011	5.111716e-008
1.931071997873377e-011	7.649445e-008
2.031071997873377e-011	1.126815e-007
2.131071997873377e-011	1.638027e-007
2.231071997873377e-011	2.355412e-007
2.331071997873377e-011	3.358045e-007
2.431071997873377e-011	4.757289e-007
2.531071997873377e-011	6.712160e-007
2.631071997873377e-011	9.453206e-007
2.731071997873377e-011	1.332017e-006
2.831071997873377e-011	1.882229e-006
2.931071997873377e-011	2.673640e-006
3.031071997873377e-011	3.826893e-006
3.131071997873378e-011	5.532751e-006
3.231071997873378e-011	8.098351e-006
3.331071997873378e-011	1.202707e-005
3.431071997873379e-011	1.815823e-005
3.531071997873379e-011	2.791412e-005
3.631071997873379e-011	4.373902e-005
3.731071997873379e-011	7.016233e-005
3.831071997873380e-011	1.157262e-004
3.931071997873380e-011	1.951364e-004
4.031071997873380e-011	3.319443e-004
4.131071997873381e-011	5.622720e-004
4.231071997873381e-011	9.370237e-004
4.331071997873381e-011	1.519052e-003
4.431071997873382e-011	2.374114e-003
4.531071997873382e-011	3.559918e-003
4.631071997873382e-011	5.120758e-003
4.731071997873382e-011	7.087130e-003
4.831071997873383e-011	9.476330e-003
4.931071997873383e-011	1.229582e-002
5.031071997873383e-011	1.554805e-002
5.131071997873384e-011	1.923301e-002
5.231071997873384e-011	2.334927e-002
5.331071997873384e-011	2.789451e-002
5.431071997873385e-011	3.286575e-002
5.531071997873385e-011	3.825951e-002
5.631071997873385e-011	4.407186e-002
5.731071997873385e-011	5.029841e-002
5.831071997873385e-011	5.693435e-002
5.931071997873385e-011	6.397448e-002
6.031071997873384e-011	7.141315e-002
6.231071997873384e-011	8.746152e-002
6.431071997873383e-011	1.050262e-001
6.631071997873382e-011	1.240475e-001
6.831071997873382e-011	1.444596e-001
7.131071997873381e-011	1.775271e-001
7.431071997873380e-011	2.132957e-001
7.731071997873379e-011	2.514740e-001
8.031071997873378e-011	2.917481e-001
8.331071997873377e-011	3.337847e-001
8.631071997873375e-011	3.772346e-001
8.931071997873374e-011	4.217370e-001
9.173929140730516e-011	4.587692e-001
9.416786283587658e-011	4.955606e-001
9.659643426444801e-011	5.321112e-001
9.902500569301943e-011	5.684211e-001
1.014535771215908e-010	6.044901e-001
1.038821485501623e-010	6.403184e-001
1.063107199787337e-010	6.759059e-001
1.078821485501623e-010	6.982618e-001
1.094535771215908e-010	7.200817e-001
1.110250056930194e-010	7.413656e-001
1.125964342644480e-010	7.621135e-001
1.141678628358765e-010	7.823256e-001
1.157392914073051e-010	8.020016e-001
1.173107199787337e-010	8.211417e-001
1.193107199787337e-010	8.443805e-001
1.203107199787337e-010	8.555644e-001
1.213107199787337e-010	8.664461e-001
1.233107199787336e-010	8.872696e-001
1.263107199787336e-010	9.160383e-001
1.293107199787336e-010	9.416788e-001
1.323107199787336e-010	9.640282e-001
1.338821485501622e-010	9.744019e-001
1.354535771215907e-010	9.837904e-001
1.370250056930193e-010	9.921939e-001
1.385964342644479e-010	9.996122e-001
1.401678628358764e-010	1.006045e+000
1.417392914073050e-010	1.011493e+000
1.433107199787336e-010	1.015956e+000
1.457392914073050e-010	1.020779e+000
1.481678628358764e-010	1.023237e+000
1.505964342644478e-010	1.023330e+000
1.530250056930193e-010	1.021057e+000
1.554535771215907e-010	1.016419e+000
1.578821485501621e-010	1.009416e+000
1.603107199787335e-010	1.000048e+000
1.624535771215907e-010	9.898748e-001
1.645964342644478e-010	9.781268e-001
1.667392914073049e-010	9.648035e-001
1.688821485501621e-010	9.499050e-001
1.710250056930192e-010	9.334313e-001
1.731678628358763e-010	9.153823e-001
1.753107199787335e-010	8.957580e-001
1.763107199787335e-010	8.861816e-001
1.773107199787335e-010	8.763088e-001
1.783107199787335e-010	8.661457e-001
1.793107199787335e-010	8.556983e-001
1.803107199787334e-010	8.449726e-001
1.813107199787334e-010	8.339748e-001
1.823107199787334e-010	8.227110e-001
1.843107199787334e-010	7.994101e-001
1.853107199787334e-010	7.873855e-001
1.863107199787334e-010	7.751195e-001
1.873107199787334e-010	7.626187e-001
1.883107199787334e-010	7.498890e-001
1.893107199787334e-010	7.369368e-001
1.903107199787334e-010	7.237682e-001
1.913107199787334e-010	7.103895e-001
1.923107199787334e-010	6.968069e-001
1.933107199787334e-010	6.830265e-001
1.943107199787334e-010	6.690545e-001
1.953107199787334e-010	6.548971e-001
1.963107199787334e-010	6.405604e-001
1.973107199787334e-010	6.260507e-001
1.983107199787334e-010	6.113738e-001
1.993107199787334e-010	5.965362e-001
2.003107199787334e-010	5.815439e-001
2.013107199787334e-010	5.664030e-001
2.023107199787334e-010	5.511198e-001
2.033107199787334e-010	5.357004e-001
2.043107199787334e-010	5.201513e-001
2.053107199787334e-010	5.044788e-001
2.063107199787334e-010	4.886892e-001
2.073107199787334e-010	4.727892e-001
2.083107199787334e-010	4.567856e-001
2.093107199787333e-010	4.406853e-001
2.103107199787333e-010	4.244955e-001
2.113107199787333e-010	4.082237e-001
2.123107199787333e-010	3.918777e-001
2.133107199787333e-010	3.754657e-001
2.143107199787333e-010	3.589967e-001
2.153107199787333e-010	3.424799e-001
2.163107199787333e-010	3.259255e-001
2.173107199787333e-010	3.093445e-001
2.183107199787333e-010	2.927487e-001
2.193107199787333e-010	2.761512e-001
2.203107199787333e-010	2.595662e-001
2.213107199787333e-010	2.430097e-001
2.223107199787333e-010	2.264997e-001
2.233107199787333e-010	2.100565e-001
2.243107199787333e-010	1.937033e-001
2.253107199787333e-010	1.774681e-001
2.263107199787333e-010	1.613892e-001
2.273107199787333e-010	1.455218e-001
2.283107199787333e-010	1.299462e-001
2.293107199787333e-010	1.147689e-001
2.303107199787333e-010	1.001093e-001
2.313107199787333e-010	8.607556e-002
2.323107199787333e-010	7.274605e-002
2.333107199787333e-010	6.016699e-002
2.343107199787333e-010	4.836266e-002
2.353107199787333e-010	3.734565e-002
2.363107199787333e-010	2.712259e-002
2.373107199787333e-010	1.769696e-002
2.383107199787333e-010	9.070591e-003
2.393107199787333e-010	1.244263e-003
2.403107199787333e-010	-5.782137e-003
2.413107199787333e-010	-1.200951e-002
2.423107199787333e-010	-1.743950e-002
2.433107199787333e-010	-2.207447e-002
2.443107199787333e-010	-2.591752e-002
2.453107199787332e-010	-2.897248e-002
2.463107199787332e-010	-3.124387e-002
2.473107199787332e-010	-3.273695e-002
2.483107199787332e-010	-3.345771e-002
2.493107199787332e-010	-3.341284e-002
2.503107199787332e-010	-3.260976e-002
2.513107199787332e-010	-3.105661e-002
2.523107199787332e-010	-2.876220e-002
2.533107199787332e-010	-2.573609e-002
2.543107199787332e-010	-2.198850e-002
2.553107199787332e-010	-1.753033e-002
2.563107199787332e-010	-1.237317e-002
2.573107199787332e-010	-6.529250e-003
2.583107199787332e-010	-1.145851e-005
2.593107199787332e-010	7.166693e-003
2.603107199787332e-010	1.499108e-002
2.613107199787332e-010	2.344697e-002
2.623107199787332e-010	3.251908e-002
2.633107199787332e-010	4.219153e-002
2.643107199787332e-010	5.244793e-002
2.653107199787332e-010	6.327136e-002
2.663107199787332e-010	7.464442e-002
2.673107199787332e-010	8.654924e-002
2.693107199787332e-010	1.118804e-001
2.713107199787332e-010	1.391132e-001
2.733107199787332e-010	1.680903e-001
2.763107199787331e-010	2.144694e-001
2.793107199787331e-010	2.638406e-001
2.823107199787331e-010	3.156237e-001
2.853107199787331e-010	3.692304e-001
2.883107199787331e-010	4.240718e-001
2.913107199787331e-010	4.795642e-001
2.943107199787331e-010	5.351359e-001
2.973107199787331e-010	5.902330e-001
3.003107199787331e-010	6.443252e-001
3.017392914073045e-010	6.697004e-001
3.031678628358759e-010	6.945631e-001
3.045964342644473e-010	7.189131e-001
3.060250056930188e-010	7.427504e-001
3.074535771215902e-010	7.660752e-001
3.088821485501616e-010	7.888873e-001
3.103107199787330e-010	8.111869e-001
3.123107199787330e-010	8.411267e-001
3.133107199787330e-010	8.555776e-001
3.143107199787330e-010	8.696665e-001
3.153107199787330e-010	8.833822e-001
3.163107199787330e-010	8.967140e-001
3.173107199787330e-010	9.096516e-001
3.193107199787330e-010	9.343071e-001
3.213107199787330e-010	9.572790e-001
3.233107199787330e-010	9.785069e-001
3.253107199787330e-010	9.979397e-001
3.263107199787330e-010	1.006969e+000
3.283107199787330e-010	1.023634e+000
3.313107199787330e-010	1.045092e+000
3.343107199787329e-010	1.062255e+000
3.363107199787329e-010	1.071300e+000
3.383107199787329e-010	1.078432e+000
3.403107199787329e-010	1.083575e+000
3.423107199787329e-010	1.086918e+000
3.443107199787329e-010	1.088461e+000
3.463107199787329e-010	1.088204e+000
3.483107199787329e-010	1.086147e+000
3.503107199787329e-010	1.082289e+000
3.523107199787329e-010	1.076632e+000
3.553107199787329e-010	1.065229e+000
3.573107199787329e-010	1.055667e+000
3.593107199787329e-010	1.044605e+000
3.603107199787329e-010	1.038531e+000
3.613107199787328e-010	1.032106e+000
3.623107199787328e-010	1.025338e+000
3.633107199787328e-010	1.018235e+000
3.643107199787328e-010	1.010805e+000
3.653107199787328e-010	1.003057e+000
3.663107199787328e-010	9.949993e-001
3.673107199787328e-010	9.866399e-001
3.683107199787328e-010	9.779872e-001
3.693107199787328e-010	9.690498e-001
3.703107199787328e-010	9.598360e-001
3.713107199787328e-010	9.503542e-001
3.723107199787328e-010	9.406127e-001
3.733107199787328e-010	9.306197e-001
3.743107199787328e-010	9.203835e-001
3.753107199787328e-010	9.099120e-001
3.763107199787328e-010	8.992136e-001
3.773107199787328e-010	8.882958e-001
3.783107199787328e-010	8.771668e-001
3.793107199787328e-010	8.658341e-001
3.803107199787328e-010	8.543053e-001
3.813107199787328e-010	8.425879e-001
3.823107199787328e-010	8.306893e-001
3.833107199787328e-010	8.186164e-001
3.843107199787328e-010	8.063764e-001
3.853107199787328e-010	7.939761e-001
3.863107199787328e-010	7.814220e-001
3.873107199787328e-010	7.687209e-001
3.883107199787328e-010	7.558789e-001
3.893107199787328e-010	7.429022e-001
3.903107199787327e-010	7.297968e-001
3.913107199787327e-010	7.165684e-001
3.923107199787327e-010	7.032226e-001
3.933107199787327e-010	6.897649e-001
3.943107199787327e-010	6.762004e-001
3.953107199787327e-010	6.625342e-001
3.963107199787327e-010	6.487710e-001
3.973107199787327e-010	6.349157e-001
3.983107199787327e-010	6.209726e-001
3.993107199787327e-010	6.069461e-001
4.003107199787327e-010	5.928403e-001
4.013107199787327e-010	5.786592e-001
4.023107199787327e-010	5.644067e-001
4.033107199787327e-010	5.500864e-001
4.043107199787327e-010	5.357020e-001
4.053107199787327e-010	5.212567e-001
4.063107199787327e-010	5.067542e-001
4.073107199787327e-010	4.921974e-001
4.083107199787327e-010	4.775897e-001
4.093107199787327e-010	4.629342e-001
4.103107199787327e-010	4.482340e-001
4.113107199787327e-010	4.334923e-001
4.123107199787327e-010	4.187122e-001
4.133107199787327e-010	4.038971e-001
4.143107199787327e-010	3.890502e-001
4.153107199787327e-010	3.741753e-001
4.163107199787327e-010	3.592759e-001
4.173107199787327e-010	3.443564e-001
4.183107199787327e-010	3.294212e-001
4.193107199787326e-010	3.144752e-001
4.203107199787326e-010	2.995241e-001
4.213107199787326e-010	2.845740e-001
4.223107199787326e-010	2.696320e-001
4.233107199787326e-010	2.547061e-001
4.243107199787326e-010	2.398054e-001
4.253107199787326e-010	2.249400e-001
4.263107199787326e-010	2.101216e-001
4.273107199787326e-010	1.953632e-001
4.283107199787326e-010	1.806794e-001
4.293107199787326e-010	1.660865e-001
4.303107199787326e-010	1.516026e-001
4.313107199787326e-010	1.372484e-001
4.323107199787326e-010	1.230491e-001
4.333107199787326e-010	1.090389e-001
4.343107199787326e-010	9.526508e-002
4.353107199787326e-010	8.179350e-002
4.363107199787326e-010	6.871156e-002
4.373107199787326e-010	5.612241e-002
4.383107199787326e-010	4.412698e-002
4.393107199787326e-010	3.280547e-002
4.403107199787326e-010	2.221171e-002
4.413107199787326e-010	1.237783e-002
4.423107199787326e-010	3.320454e-003
4.433107199787326e-010	-4.952938e-003
4.443107199787326e-010	-1.243884e-002
4.453107199787326e-010	-1.913569e-002
4.463107199787326e-010	-2.504329e-002
4.473107199787326e-010	-3.016243e-002
4.483107199787325e-010	-3.449475e-002
4.493107199787325e-010	-3.804271e-002
4.503107199787325e-010	-4.080951e-002
4.513107199787325e-010	-4.279910e-002
4.523107199787325e-010	-4.401617e-002
4.533107199787325e-010	-4.446619e-002
4.543107199787325e-010	-4.415531e-002
4.553107199787325e-010	-4.309048e-002
4.563107199787325e-010	-4.127932e-002
4.573107199787325e-010	-3.873025e-002
4.583107199787325e-010	-3.545235e-002
4.593107199787325e-010	-3.145545e-002
4.603107199787325e-010	-2.675008e-002
4.613107199787325e-010	-2.134747e-002
4.623107199787325e-010	-1.525951e-002
4.633107199787325e-010	-8.498787e-003
4.643107199787325e-010	-1.078528e-003
4.653107199787325e-010	6.987400e-003
4.663107199787325e-010	1.568451e-002
4.673107199787325e-010	2.499771e-002
4.683107199787325e-010	3.491134e-002
4.693107199787325e-010	4.540915e-002
4.703107199787325e-010	5.647438e-002
4.713107199787325e-010	6.808973e-002
4.723107199787325e-010	8.023743e-002
4.733107199787325e-010	9.289923e-002
4.753107199787325e-010	1.196899e-001
4.773107199787324e-010	1.483074e-001
4.803107199787324e-010	1.943068e-001
4.833107199787324e-010	2.434940e-001
4.863107199787324e-010	2.952899e-001
4.893107199787324e-010	3.491043e-001
4.923107199787324e-010	4.043427e-001
4.953107199787324e-010	4.604131e-001
4.983107199787324e-010	5.167328e-001
5.013107199787324e-010	5.727344e-001
5.043107199787324e-010	6.278719e-001
5.073107199787323e-010	6.816264e-001
5.085964342644466e-010	7.042012e-001
5.098821485501609e-010	7.263117e-001
5.111678628358752e-010	7.479578e-001
5.124535771215895e-010	7.691397e-001
5.137392914073038e-010	7.898571e-001
5.150250056930180e-010	8.101103e-001
5.163107199787323e-010	8.298991e-001
5.173107199787323e-010	8.448354e-001
5.183107199787323e-010	8.594139e-001
5.193107199787323e-010	8.736225e-001
5.203107199787323e-010	8.874497e-001
5.213107199787323e-010	9.008847e-001
5.223107199787323e-010	9.139171e-001
5.243107199787323e-010	9.387360e-001
5.263107199787323e-010	9.618354e-001
5.283107199787323e-010	9.831539e-001
5.303107199787323e-010	1.002639e+000
5.323107199787323e-010	1.020249e+000
5.353107199787322e-010	1.043076e+000
5.383107199787322e-010	1.061533e+000
5.403107199787322e-010	1.071392e+000
5.423107199787322e-010	1.079296e+000
5.443107199787322e-010	1.085170e+000
5.463107199787322e-010	1.089190e+000
5.483107199787322e-010	1.091355e+000
5.503107199787322e-010	1.091666e+000
5.523107199787322e-010	1.090124e+000
5.543107199787322e-010	1.086727e+000
5.563107199787322e-010	1.081476e+000
5.593107199787322e-010	1.070569e+000
5.613107199787322e-010	1.061265e+000
5.633107199787322e-010	1.050404e+000
5.643107199787321e-010	1.044409e+000
5.653107199787321e-010	1.038050e+000
5.663107199787321e-010	1.031333e+000
5.673107199787321e-010	1.024269e+000
5.683107199787321e-010	1.016864e+000
5.693107199787321e-010	1.009127e+000
5.703107199787321e-010	1.001068e+000
5.713107199787321e-010	9.926946e-001
5.723107199787321e-010	9.840156e-001
5.733107199787321e-010	9.750397e-001
5.743107199787321e-010	9.657758e-001
5.753107199787321e-010	9.562324e-001
5.763107199787321e-010	9.464182e-001
5.773107199787321e-010	9.363418e-001
5.783107199787321e-010	9.260119e-001
5.793107199787321e-010	9.154367e-001
5.803107199787321e-010	9.046250e-001
5.813107199787321e-010	8.935849e-001
5.823107199787321e-010	8.823247e-001
5.833107199787321e-010	8.708525e-001
5.843107199787321e-010	8.591763e-001
5.853107199787321e-010	8.473041e-001
5.863107199787321e-010	8.352436e-001
5.873107199787321e-010	8.230023e-001
5.883107199787321e-010	8.105878e-001
5.893107199787321e-010	7.980073e-001
5.903107199787321e-010	7.852679e-001
5.913107199787321e-010	7.723767e-001
5.923107199787321e-010	7.593404e-001
5.933107199787320e-010	7.461656e-001
5.943107199787320e-010	7.328587e-001
5.953107199787320e-010	7.194259e-001
5.963107199787320e-010	7.058734e-001
5.973107199787320e-010	6.922069e-001
5.983107199787320e-010	6.784322e-001
5.993107199787320e-010	6.645547e-001
6.003107199787320e-010	6.505797e-001
6.013107199787320e-010	6.365122e-001
6.023107199787320e-010	6.223573e-001
6.033107199787320e-010	6.081196e-001
6.043107199787320e-010	5.938038e-001
6.053107199787320e-010	5.794142e-001
6.063107199787320e-010	5.649551e-001
6.073107199787320e-010	5.504304e-001
6.083107199787320e-010	5.358443e-001
6.093107199787320e-010	5.212004e-001
6.103107199787320e-010	5.065026e-001
6.113107199787320e-010	4.917544e-001
6.123107199787320e-010	4.769592e-001
6.133107199787320e-010	4.621207e-001
6.143107199787320e-010	4.472422e-001
6.153107199787320e-010	4.323272e-001
6.163107199787320e-010	4.173791e-001
6.173107199787320e-010	4.024014e-001
6.183107199787320e-010	3.873978e-001
6.193107199787320e-010	3.723722e-001
6.203107199787320e-010	3.573284e-001
6.213107199787320e-010	3.422709e-001
6.223107199787319e-010	3.272044e-001
6.233107199787319e-010	3.121339e-001
6.243107199787319e-010	2.970652e-001
6.253107199787319e-010	2.820047e-001
6.263107199787319e-010	2.669594e-001
6.273107199787319e-010	2.519376e-001
6.283107199787319e-010	2.369482e-001
6.293107199787319e-010	2.220017e-001
6.303107199787319e-010	2.071096e-001
6.313107199787319e-010	1.922851e-001
6.323107199787319e-010	1.775427e-001
6.333107199787319e-010	1.628987e-001
6.343107199787319e-010	1.483716e-001
6.353107199787319e-010	1.339830e-001
6.363107199787319e-010	1.197600e-001
6.373107199787319e-010	1.057387e-001
6.383107199787319e-010	9.196799e-002
6.393107199787319e-010	7.851597e-002
6.403107199787319e-010	6.547201e-002
6.413107199787319e-010	5.293799e-002
6.423107199787319e-010	4.101007e-002
6.433107199787319e-010	2.976253e-002
6.443107199787319e-010	1.924414e-002
6.453107199787319e-010	9.483808e-003
6.463107199787319e-010	4.966442e-004
6.473107199787319e-010	-7.710327e-003
6.483107199787319e-010	-1.513372e-002
6.493107199787319e-010	-2.177200e-002
6.503107199787319e-010	-2.762495e-002
6.513107199787318e-010	-3.269331e-002
6.523107199787318e-010	-3.697870e-002
6.533107199787318e-010	-4.048351e-002
6.543107199787318e-010	-4.321086e-002
6.553107199787318e-010	-4.516466e-002
6.563107199787318e-010	-4.634953e-002
6.573107199787318e-010	-4.677083e-002
6.583107199787318e-010	-4.643465e-002
6.593107199787318e-010	-4.534784e-002
6.603107199787318e-010	-4.351795e-002
6.613107199787318e-010	-4.095328e-002
6.623107199787318e-010	-3.766283e-002
6.633107199787318e-010	-3.365633e-002
6.643107199787318e-010	-2.894420e-002
6.653107199787318e-010	-2.353755e-002
6.663107199787318e-010	-1.744818e-002
6.673107199787318e-010	-1.068856e-002
6.683107199787318e-010	-3.271801e-003
6.693107199787318e-010	4.788345e-003
6.703107199787318e-010	1.347751e-002
6.713107199787318e-010	2.278071e-002
6.723107199787318e-010	3.268241e-002
6.733107199787318e-010	4.316648e-002
6.743107199787318e-010	5.421629e-002
6.753107199787318e-010	6.581465e-002
6.763107199787318e-010	7.794392e-002
6.773107199787318e-010	9.058595e-002
6.793107199787318e-010	1.173336e-001
6.813107199787317e-010	1.459042e-001
6.843107199787317e-010	1.918283e-001
6.873107199787317e-010	2.409368e-001
6.903107199787317e-010	2.926537e-001
6.933107199787317e-010	3.463918e-001
6.963107199787317e-010	4.015592e-001
6.993107199787317e-010	4.575664e-001
7.023107199787317e-010	5.138328e-001
7.053107199787317e-010	5.697933e-001
7.083107199787317e-010	6.249035e-001
7.113107199787316e-010	6.786457e-001
7.125964342644459e-010	7.012200e-001
7.138821485501602e-010	7.233332e-001
7.151678628358745e-010	7.449853e-001
7.164535771215888e-010	7.661761e-001
7.177392914073030e-010	7.869058e-001
7.190250056930173e-010	8.071744e-001
7.203107199787316e-010	8.269817e-001
7.213107199787316e-010	8.419348e-001
7.223107199787316e-010	8.565320e-001
7.233107199787316e-010	8.707613e-001
7.243107199787316e-010	8.846111e-001
7.253107199787316e-010	8.980708e-001
7.263107199787316e-010	9.111297e-001
7.283107199787316e-010	9.360073e-001
7.303107199787316e-010	9.591730e-001
7.323107199787316e-010	9.805650e-001
7.343107199787316e-010	1.000131e+000
7.353107199787316e-010	1.009215e+000
7.373107199787316e-010	1.025964e+000
7.403107199787315e-010	1.047488e+000
7.433107199787315e-010	1.064638e+000
7.443107199787315e-010	1.069379e+000
7.463107199787315e-010	1.077397e+000
7.483107199787315e-010	1.083391e+000
7.503107199787315e-010	1.087533e+000
7.523107199787315e-010	1.089823e+000
7.543107199787315e-010	1.090262e+000
7.563107199787315e-010	1.088848e+000
7.583107199787315e-010	1.085583e+000
7.603107199787315e-010	1.080465e+000
7.633107199787315e-010	1.069758e+000
7.653107199787315e-010	1.060585e+000
7.673107199787314e-010	1.049856e+000
7.683107199787314e-010	1.043927e+000
7.693107199787314e-010	1.037632e+000
7.703107199787314e-010	1.030980e+000
7.713107199787314e-010	1.023979e+000
7.723107199787314e-010	1.016638e+000
7.733107199787314e-010	1.008964e+000
7.743107199787314e-010	1.000966e+000
7.753107199787314e-010	9.926541e-001
7.763107199787314e-010	9.840356e-001
7.773107199787314e-010	9.751194e-001
7.783107199787314e-010	9.659142e-001
7.793107199787314e-010	9.564286e-001
7.803107199787314e-010	9.466712e-001
7.813107199787314e-010	9.366507e-001
7.823107199787314e-010	9.263755e-001
7.833107199787314e-010	9.158542e-001
7.843107199787314e-010	9.050950e-001
7.853107199787314e-010	8.941063e-001
7.863107199787314e-010	8.828964e-001
7.873107199787314e-010	8.714733e-001
7.883107199787314e-010	8.598450e-001
7.893107199787314e-010	8.480194e-001
7.903107199787314e-010	8.360042e-001
7.913107199787314e-010	8.238069e-001
7.923107199787314e-010	8.114351e-001
7.933107199787314e-010	7.988960e-001
7.943107199787314e-010	7.861967e-001
7.953107199787313e-010	7.733442e-001
7.963107199787313e-010	7.603452e-001
7.973107199787313e-010	7.472063e-001
7.983107199787313e-010	7.339340e-001
7.993107199787313e-010	7.205344e-001
8.003107199787313e-010	7.070137e-001
8.013107199787313e-010	6.933777e-001
8.023107199787313e-010	6.796319e-001
8.033107199787313e-010	6.657821e-001
8.043107199787313e-010	6.518334e-001
8.053107199787313e-010	6.377908e-001
8.063107199787313e-010	6.236594e-001
8.073107199787313e-010	6.094440e-001
8.083107199787313e-010	5.951490e-001
8.093107199787313e-010	5.807788e-001
8.103107199787313e-010	5.663378e-001
8.113107199787313e-010	5.518301e-001
8.123107199787313e-010	5.372595e-001
8.133107199787313e-010	5.226300e-001
8.143107199787313e-010	5.079451e-001
8.153107199787313e-010	4.932086e-001
8.163107199787313e-010	4.784241e-001
8.173107199787313e-010	4.635949e-001
8.183107199787313e-010	4.487244e-001
8.193107199787313e-010	4.338163e-001
8.203107199787313e-010	4.188739e-001
8.213107199787313e-010	4.039008e-001
8.223107199787313e-010	3.889006e-001
8.233107199787313e-010	3.738772e-001
8.243107199787312e-010	3.588345e-001
8.253107199787312e-010	3.437770e-001
8.263107199787312e-010	3.287092e-001
8.273107199787312e-010	3.136363e-001
8.283107199787312e-010	2.985640e-001
8.293107199787312e-010	2.834987e-001
8.303107199787312e-010	2.684474e-001
8.313107199787312e-010	2.534182e-001
8.323107199787312e-010	2.384202e-001
8.333107199787312e-010	2.234636e-001
8.343107199787312e-010	2.085600e-001
8.353107199787312e-010	1.937224e-001
8.363107199787312e-010	1.789653e-001
8.373107199787312e-010	1.643050e-001
8.383107199787312e-010	1.497597e-001
8.393107199787312e-010	1.353503e-001
8.403107199787312e-010	1.211026e-001
8.413107199787312e-010	1.070520e-001
8.423107199787312e-010	9.324759e-002
8.433107199787312e-010	7.975717e-002
8.443107199787312e-010	6.666888e-002
8.453107199787312e-010	5.408442e-002
8.463107199787312e-010	4.210099e-002
8.473107199787312e-010	3.079445e-002
8.483107199787312e-010	2.021510e-002
8.493107199787312e-010	1.039294e-002
8.503107199787312e-010	1.343681e-003
8.513107199787312e-010	-6.925400e-003
8.523107199787312e-010	-1.441079e-002
8.533107199787311e-010	-2.111087e-002
8.543107199787311e-010	-2.702536e-002
8.553107199787311e-010	-3.215497e-002
8.563107199787311e-010	-3.650125e-002
8.573107199787311e-010	-4.006654e-002
8.583107199787311e-010	-4.285395e-002
8.593107199787311e-010	-4.486731e-002
8.603107199787311e-010	-4.611121e-002
8.613107199787311e-010	-4.659096e-002
8.623107199787311e-010	-4.631263e-002
8.633107199787311e-010	-4.528300e-002
8.643107199787311e-010	-4.350960e-002
8.653107199787311e-010	-4.100065e-002
8.663107199787311e-010	-3.776515e-002
8.673107199787311e-010	-3.381275e-002
8.683107199787311e-010	-2.915385e-002
8.693107199787311e-010	-2.379952e-002
8.703107199787311e-010	-1.776151e-002
8.713107199787311e-010	-1.105225e-002
8.723107199787311e-010	-3.684807e-003
8.733107199787311e-010	4.327095e-003
8.743107199787311e-010	1.296913e-002
8.753107199787311e-010	2.222635e-002
8.763107199787311e-010	3.208326e-002
8.773107199787311e-010	4.252376e-002
8.783107199787311e-010	5.353124e-002
8.793107199787311e-010	6.508857e-002
8.803107199787311e-010	7.717811e-002
8.813107199787311e-010	8.978176e-002
8.833107199787310e-010	1.164568e-001
8.853107199787310e-010	1.449604e-001
8.883107199787310e-010	1.907951e-001
8.913107199787310e-010	2.398277e-001
8.943107199787310e-010	2.914826e-001
8.973107199787310e-010	3.451728e-001
9.003107199787310e-010	4.003063e-001
9.033107199787310e-010	4.562935e-001
9.063107199787310e-010	5.125537e-001
9.093107199787310e-010	5.685211e-001
9.123107199787309e-010	6.236510e-001
9.153107199787309e-010	6.774250e-001
9.167392914073024e-010	7.025243e-001
9.181678628358738e-010	7.270416e-001
9.195964342644452e-010	7.509768e-001
9.210250056930166e-010	7.743300e-001
9.224535771215881e-010	7.971011e-001
9.238821485501595e-010	8.192902e-001
9.253107199787309e-010	8.408973e-001
9.263107199787309e-010	8.555185e-001
9.273107199787309e-010	8.697727e-001
9.283107199787309e-010	8.836483e-001
9.293107199787309e-010	8.971344e-001
9.303107199787309e-010	9.102207e-001
9.323107199787309e-010	9.351552e-001
9.343107199787311e-010	9.583803e-001
9.363107199787313e-010	9.798340e-001
9.383107199787315e-010	9.994638e-001
9.393107199787316e-010	1.008581e+000
9.413107199787318e-010	1.025396e+000
9.443107199787321e-010	1.047021e+000
9.473107199787324e-010	1.064275e+000
9.483107199787325e-010	1.069050e+000
9.503107199787327e-010	1.077137e+000
9.523107199787329e-010	1.083201e+000
9.543107199787331e-010	1.087412e+000
9.563107199787333e-010	1.089771e+000
9.583107199787335e-010	1.090276e+000
9.603107199787337e-010	1.088929e+000
9.623107199787339e-010	1.085729e+000
9.643107199787341e-010	1.080676e+000
9.673107199787344e-010	1.070062e+000
9.693107199787346e-010	1.060950e+000
9.713107199787348e-010	1.050279e+000
9.733107199787350e-010	1.038112e+000
9.743107199787351e-010	1.031487e+000
9.753107199787352e-010	1.024513e+000
9.763107199787353e-010	1.017198e+000
9.773107199787354e-010	1.009550e+000
9.783107199787355e-010	1.001578e+000
9.793107199787356e-010	9.932902e-001
9.803107199787357e-010	9.846959e-001
9.813107199787358e-010	9.758034e-001
9.823107199787359e-010	9.666213e-001
9.833107199787360e-010	9.571583e-001
9.843107199787361e-010	9.474229e-001
9.853107199787362e-010	9.374238e-001
9.863107199787363e-010	9.271696e-001
9.873107199787364e-010	9.166685e-001
9.883107199787365e-010	9.059292e-001
9.893107199787366e-010	8.949598e-001
9.903107199787367e-010	8.837686e-001
9.913107199787368e-010	8.723637e-001
9.923107199787369e-010	8.607531e-001
9.933107199787370e-010	8.489446e-001
9.943107199787371e-010	8.369460e-001
9.953107199787372e-010	8.247648e-001
9.963107199787373e-010	8.124086e-001
9.973107199787374e-010	7.998846e-001
9.983107199787375e-010	7.872000e-001
9.993107199787376e-010	7.743616e-001
1.000310719978738e-009	7.613763e-001
1.001310719978738e-009	7.482506e-001
1.002310719978738e-009	7.349910e-001
1.003310719978738e-009	7.216038e-001
1.004310719978738e-009	7.080950e-001
1.005310719978738e-009	6.944704e-001
1.006310719978738e-009	6.807357e-001
1.007310719978738e-009	6.668965e-001
1.008310719978739e-009	6.529580e-001
1.009310719978739e-009	6.389254e-001
1.010310719978739e-009	6.248035e-001
1.011310719978739e-009	6.105973e-001
1.012310719978739e-009	5.963111e-001
1.013310719978739e-009	5.819494e-001
1.014310719978739e-009	5.675166e-001
1.015310719978739e-009	5.530165e-001
1.016310719978739e-009	5.384535e-001
1.017310719978739e-009	5.238311e-001
1.018310719978740e-009	5.091531e-001
1.019310719978740e-009	4.944231e-001
1.020310719978740e-009	4.796447e-001
1.021310719978740e-009	4.648214e-001
1.022310719978740e-009	4.499566e-001
1.023310719978740e-009	4.350537e-001
1.024310719978740e-009	4.201162e-001
1.025310719978740e-009	4.051477e-001
1.026310719978740e-009	3.901518e-001
1.027310719978740e-009	3.751322e-001
1.028310719978741e-009	3.600930e-001
1.029310719978741e-009	3.450385e-001
1.030310719978741e-009	3.299733e-001
1.031310719978741e-009	3.149024e-001
1.032310719978741e-009	2.998316e-001
1.033310719978741e-009	2.847672e-001
1.034310719978741e-009	2.697160e-001
1.035310719978741e-009	2.546862e-001
1.036310719978741e-009	2.396867e-001
1.037310719978741e-009	2.247277e-001
1.038310719978742e-009	2.098205e-001
1.039310719978742e-009	1.949781e-001
1.040310719978742e-009	1.802149e-001
1.041310719978742e-009	1.655470e-001
1.042310719978742e-009	1.509923e-001
1.043310719978742e-009	1.365716e-001
1.044310719978742e-009	1.223102e-001
1.045310719978742e-009	1.082425e-001
1.046310719978742e-009	9.441619e-002
1.047310719978742e-009	8.089714e-002
1.048310719978743e-009	6.777185e-002
1.049310719978743e-009	5.514148e-002
1.050310719978743e-009	4.310437e-002
1.051310719978743e-009	3.173850e-002
1.052310719978743e-009	2.109645e-002
1.053310719978743e-009	1.120986e-002
1.054310719978743e-009	2.095391e-003
1.055310719978743e-009	-6.239259e-003
1.056310719978743e-009	-1.379038e-002
1.057310719978743e-009	-2.055622e-002
1.058310719978744e-009	-2.653641e-002
1.059310719978744e-009	-3.173158e-002
1.060310719978744e-009	-3.614322e-002
1.061310719978744e-009	-3.977361e-002
1.062310719978744e-009	-4.262578e-002
1.063310719978744e-009	-4.470353e-002
1.064310719978744e-009	-4.601136e-002
1.065310719978744e-009	-4.655454e-002
1.066310719978744e-009	-4.633907e-002
1.067310719978744e-009	-4.537167e-002
1.068310719978745e-009	-4.365981e-002
1.069310719978745e-009	-4.121166e-002
1.070310719978745e-009	-3.803615e-002
1.071310719978745e-009	-3.414289e-002
1.072310719978745e-009	-2.954219e-002
1.073310719978745e-009	-2.424509e-002
1.074310719978745e-009	-1.826328e-002
1.075310719978745e-009	-1.160914e-002
1.076310719978745e-009	-4.295679e-003
1.077310719978745e-009	3.663430e-003
1.078310719978746e-009	1.225391e-002
1.079310719978746e-009	2.146086e-002
1.080310719978746e-009	3.126882e-002
1.081310719978746e-009	4.166176e-002
1.082310719978746e-009	5.262310e-002
1.083310719978746e-009	6.413574e-002
1.084310719978746e-009	7.618209e-002
1.085310719978746e-009	8.874409e-002
1.087310719978746e-009	1.153405e-001
1.089310719978747e-009	1.437721e-001
1.092310719978747e-009	1.895114e-001
1.095310719978747e-009	2.384643e-001
1.098310719978748e-009	2.900558e-001
1.101310719978748e-009	3.436986e-001
1.104310719978748e-009	3.988011e-001
1.107310719978748e-009	4.547736e-001
1.110310719978749e-009	5.110347e-001
1.113310719978749e-009	5.670183e-001
1.116310719978749e-009	6.221790e-001
1.119310719978750e-009	6.759974e-001
1.120739291407321e-009	7.011228e-001
1.122167862835893e-009	7.256686e-001
1.123596434264464e-009	7.496348e-001
1.125025005693036e-009	7.730216e-001
1.126453577121608e-009	7.958287e-001
1.127882148550179e-009	8.180564e-001
1.129310719978751e-009	8.397045e-001
1.130310719978751e-009	8.543554e-001
1.131310719978751e-009	8.686402e-001
1.132310719978751e-009	8.825474e-001
1.133310719978751e-009	8.960660e-001
1.134310719978751e-009	9.091855e-001
1.136310719978751e-009	9.341887e-001
1.138310719978752e-009	9.574853e-001
1.140310719978752e-009	9.790127e-001
1.142310719978752e-009	9.987181e-001
1.143310719978752e-009	1.007873e+000
1.145310719978752e-009	1.024766e+000
1.148310719978753e-009	1.046510e+000
1.151310719978753e-009	1.063883e+000
1.152310719978753e-009	1.068698e+000
1.154310719978753e-009	1.076865e+000
1.156310719978753e-009	1.083008e+000
1.158310719978754e-009	1.087297e+000
1.160310719978754e-009	1.089732e+000
1.162310719978754e-009	1.090312e+000
1.164310719978754e-009	1.089039e+000
1.166310719978754e-009	1.085911e+000
1.168310719978755e-009	1.080929e+000
1.171310719978755e-009	1.070416e+000
1.173310719978755e-009	1.061368e+000
1.175310719978755e-009	1.050758e+000
1.177310719978755e-009	1.038650e+000
1.178310719978756e-009	1.032054e+000
1.179310719978756e-009	1.025108e+000
1.180310719978756e-009	1.017820e+000
1.181310719978756e-009	1.010198e+000
1.182310719978756e-009	1.002252e+000
1.183310719978756e-009	9.939893e-001
1.184310719978756e-009	9.854193e-001
1.185310719978756e-009	9.765503e-001
1.186310719978756e-009	9.673911e-001
1.187310719978756e-009	9.579502e-001
1.188310719978757e-009	9.482364e-001
1.189310719978757e-009	9.382581e-001
1.190310719978757e-009	9.280239e-001
1.191310719978757e-009	9.175422e-001
1.192310719978757e-009	9.068216e-001
1.193310719978757e-009	8.958703e-001
1.194310719978757e-009	8.846964e-001
1.195310719978757e-009	8.733082e-001
1.196310719978757e-009	8.617136e-001
1.197310719978757e-009	8.499206e-001
1.198310719978758e-009	8.379368e-001
1.199310719978758e-009	8.257699e-001
1.200310719978758e-009	8.134273e-001
1.201310719978758e-009	8.009163e-001
1.202310719978758e-009	7.882441e-001
1.203310719978758e-009	7.754176e-001
1.204310719978758e-009	7.624437e-001
1.205310719978758e-009	7.493289e-001
1.206310719978758e-009	7.360796e-001
1.207310719978758e-009	7.227023e-001
1.208310719978759e-009	7.092028e-001
1.209310719978759e-009	6.955872e-001
1.210310719978759e-009	6.818609e-001
1.211310719978759e-009	6.680298e-001
1.212310719978759e-009	6.540989e-001
1.213310719978759e-009	6.400735e-001
1.214310719978759e-009	6.259584e-001
1.215310719978759e-009	6.117586e-001
1.216310719978759e-009	5.974784e-001
1.217310719978759e-009	5.831226e-001
1.218310719978760e-009	5.686951e-001
1.219310719978760e-009	5.542003e-001
1.220310719978760e-009	5.396420e-001
1.221310719978760e-009	5.250241e-001
1.222310719978760e-009	5.103503e-001
1.223310719978760e-009	4.956243e-001
1.224310719978760e-009	4.808496e-001
1.225310719978760e-009	4.660296e-001
1.226310719978760e-009	4.511680e-001
1.227310719978760e-009	4.362679e-001
1.228310719978761e-009	4.213331e-001
1.229310719978761e-009	4.063669e-001
1.230310719978761e-009	3.913729e-001
1.231310719978761e-009	3.763551e-001
1.232310719978761e-009	3.613172e-001
1.233310719978761e-009	3.462637e-001
1.234310719978761e-009	3.311992e-001
1.235310719978761e-009	3.161286e-001
1.236310719978761e-009	3.010575e-001
1.237310719978761e-009	2.859923e-001
1.238310719978762e-009	2.709398e-001
1.239310719978762e-009	2.559079e-001
1.240310719978762e-009	2.409056e-001
1.241310719978762e-009	2.259429e-001
1.242310719978762e-009	2.110311e-001
1.243310719978762e-009	1.961830e-001
1.244310719978762e-009	1.814128e-001
1.245310719978762e-009	1.667364e-001
1.246310719978762e-009	1.521719e-001
1.247310719978762e-009	1.377394e-001
1.248310719978763e-009	1.234641e-001
1.249310719978763e-009	1.093793e-001
1.250310719978763e-009	9.553158e-002
1.251310719978763e-009	8.198487e-002
1.252310719978763e-009	6.882405e-002
1.253310719978763e-009	5.614965e-002
1.254310719978763e-009	4.406089e-002
1.255310719978763e-009	3.263776e-002
1.256310719978763e-009	2.193497e-002
1.257310719978763e-009	1.198585e-002
1.258310719978764e-009	2.808006e-003
1.259310719978764e-009	-5.590438e-003
1.260310719978764e-009	-1.320556e-002
1.261310719978764e-009	-2.003550e-002
1.262310719978764e-009	-2.607978e-002
1.263310719978764e-009	-3.133896e-002
1.264310719978764e-009	-3.581446e-002
1.265310719978764e-009	-3.950850e-002
1.266310719978764e-009	-4.242406e-002
1.267310719978764e-009	-4.456485e-002
1.268310719978765e-009	-4.593534e-002
1.269310719978765e-009	-4.654073e-002
1.270310719978765e-009	-4.638695e-002
1.271310719978765e-009	-4.548067e-002
1.272310719978765e-009	-4.382929e-002
1.273310719978765e-009	-4.144094e-002
1.274310719978765e-009	-3.832447e-002
1.275310719978765e-009	-3.448944e-002
1.276310719978765e-009	-2.994611e-002
1.277310719978765e-009	-2.470546e-002
1.278310719978766e-009	-1.877912e-002
1.279310719978766e-009	-1.217941e-002
1.280310719978766e-009	-4.919307e-003
1.281310719978766e-009	2.987588e-003
1.282310719978766e-009	1.152704e-002
1.283310719978766e-009	2.068420e-002
1.284310719978766e-009	3.044366e-002
1.285310719978766e-009	4.078941e-002
1.286310719978766e-009	5.170494e-002
1.287310719978766e-009	6.317318e-002
1.288310719978767e-009	7.517660e-002
1.289310719978767e-009	8.769714e-002
1.291310719978767e-009	1.142153e-001
1.293310719978767e-009	1.425750e-001
1.295310719978767e-009	1.726175e-001
1.298310719978768e-009	2.204771e-001
1.301310719978768e-009	2.711844e-001
1.304310719978768e-009	3.241556e-001
1.307310719978768e-009	3.788000e-001
1.310310719978769e-009	4.345263e-001
1.313310719978769e-009	4.907495e-001
1.316310719978769e-009	5.468972e-001
1.319310719978770e-009	6.024160e-001
1.322310719978770e-009	6.567763e-001
1.323739291407342e-009	6.822249e-001
1.325167862835913e-009	7.071278e-001
1.326596434264485e-009	7.314849e-001
1.328025005693056e-009	7.552964e-001
1.329453577121628e-009	7.785621e-001
1.330882148550199e-009	8.012821e-001
1.332310719978771e-009	8.234564e-001
1.333310719978771e-009	8.384897e-001
1.334310719978771e-009	8.531700e-001
1.335310719978771e-009	8.674852e-001
1.336310719978771e-009	8.814237e-001
1.337310719978771e-009	8.949744e-001
1.338310719978771e-009	9.081270e-001
1.340310719978772e-009	9.331985e-001
1.342310719978772e-009	9.565660e-001
1.344310719978772e-009	9.781669e-001
1.346310719978772e-009	9.979478e-001
1.347310719978772e-009	1.007141e+000
1.349310719978773e-009	1.024112e+000
1.352310719978773e-009	1.045974e+000
1.355310719978773e-009	1.063466e+000
1.357310719978773e-009	1.072688e+000
1.360310719978774e-009	1.082871e+000
1.362310719978774e-009	1.087150e+000
1.364310719978774e-009	1.089610e+000
1.366310719978774e-009	1.090252e+000
1.368310719978774e-009	1.089076e+000
1.370310719978775e-009	1.086081e+000
1.372310719978775e-009	1.081268e+000
1.374310719978775e-009	1.074636e+000
1.376310719978775e-009	1.066459e+000
1.378310719978775e-009	1.056686e+000
1.380310719978776e-009	1.045381e+000
1.381310719978776e-009	1.039173e+000
1.382310719978776e-009	1.032606e+000
1.383310719978776e-009	1.025688e+000
1.384310719978776e-009	1.018427e+000
1.385310719978776e-009	1.010833e+000
1.386310719978776e-009	1.002913e+000
1.387310719978776e-009	9.946757e-001
1.388310719978776e-009	9.861305e-001
1.389310719978777e-009	9.772856e-001
1.390310719978777e-009	9.681498e-001
1.391310719978777e-009	9.587317e-001
1.392310719978777e-009	9.490398e-001
1.393310719978777e-009	9.390828e-001
1.394310719978777e-009	9.288692e-001
1.395310719978777e-009	9.184074e-001
1.396310719978777e-009	9.077060e-001
1.397310719978777e-009	8.967732e-001
1.398310719978777e-009	8.856173e-001
1.399310719978778e-009	8.742463e-001
1.400310719978778e-009	8.626683e-001
1.401310719978778e-009	8.508911e-001
1.402310719978778e-009	8.389226e-001
1.403310719978778e-009	8.267704e-001
1.404310719978778e-009	8.144419e-001
1.405310719978778e-009	8.019444e-001
1.406310719978778e-009	7.892851e-001
1.407310719978778e-009	7.764709e-001
1.408310719978778e-009	7.635087e-001
1.409310719978779e-009	7.504052e-001
1.410310719978779e-009	7.371667e-001
1.411310719978779e-009	7.237995e-001
1.412310719978779e-009	7.103098e-001
1.413310719978779e-009	6.967034e-001
1.414310719978779e-009	6.829860e-001
1.415310719978779e-009	6.691632e-001
1.416310719978779e-009	6.552402e-001
1.417310719978779e-009	6.412224e-001
1.418310719978779e-009	6.271144e-001
1.419310719978780e-009	6.129213e-001
1.420310719978780e-009	5.986476e-001
1.421310719978780e-009	5.842977e-001
1.422310719978780e-009	5.698759e-001
1.423310719978780e-009	5.553864e-001
1.424310719978780e-009	5.408331e-001
1.425310719978780e-009	5.262199e-001
1.426310719978780e-009	5.115505e-001
1.427310719978780e-009	4.968286e-001
1.428310719978780e-009	4.820577e-001
1.429310719978781e-009	4.672413e-001
1.430310719978781e-009	4.523829e-001
1.431310719978781e-009	4.374858e-001
1.432310719978781e-009	4.225536e-001
1.433310719978781e-009	4.075898e-001
1.434310719978781e-009	3.925980e-001
1.435310719978781e-009	3.775819e-001
1.436310719978781e-009	3.625455e-001
1.437310719978781e-009	3.474931e-001
1.438310719978781e-009	3.324292e-001
1.439310719978782e-009	3.173589e-001
1.440310719978782e-009	3.022876e-001
1.441310719978782e-009	2.872216e-001
1.442310719978782e-009	2.721678e-001
1.443310719978782e-009	2.571339e-001
1.444310719978782e-009	2.421288e-001
1.445310719978782e-009	2.271624e-001
1.446310719978782e-009	2.122459e-001
1.447310719978782e-009	1.973921e-001
1.448310719978782e-009	1.826149e-001
1.449310719978783e-009	1.679303e-001
1.450310719978783e-009	1.533558e-001
1.451310719978783e-009	1.389118e-001
1.452310719978783e-009	1.246226e-001
1.453310719978783e-009	1.105210e-001
1.454310719978783e-009	9.665206e-002
1.455310719978783e-009	8.307815e-002
1.456310719978783e-009	6.988241e-002
1.457310719978783e-009	5.716459e-002
1.458310719978783e-009	4.502468e-002
1.459310719978784e-009	3.354460e-002
1.460310719978784e-009	2.278125e-002
1.461310719978784e-009	1.276968e-002
1.462310719978784e-009	3.528504e-003
1.463310719978784e-009	-4.933709e-003
1.464310719978784e-009	-1.261283e-002
1.465310719978784e-009	-1.950685e-002
1.466310719978784e-009	-2.561521e-002
1.467310719978784e-009	-3.093839e-002
1.468310719978784e-009	-3.547775e-002
1.469310719978785e-009	-3.923544e-002
1.470310719978785e-009	-4.221437e-002
1.471310719978785e-009	-4.441822e-002
1.472310719978785e-009	-4.585137e-002
1.473310719978785e-009	-4.651897e-002
1.474310719978785e-009	-4.642690e-002
1.475310719978785e-009	-4.558175e-002
1.476310719978785e-009	-4.399088e-002
1.477310719978785e-009	-4.166235e-002
1.478310719978785e-009	-3.860495e-002
1.479310719978786e-009	-3.482819e-002
1.480310719978786e-009	-3.034227e-002
1.481310719978786e-009	-2.515810e-002
1.482310719978786e-009	-1.928728e-002
1.483310719978786e-009	-1.274205e-002
1.484310719978786e-009	-5.535353e-003
1.485310719978786e-009	2.319269e-003
1.486310719978786e-009	1.080763e-002
1.487310719978786e-009	1.991493e-002
1.488310719978786e-009	2.962581e-002
1.489310719978787e-009	3.992430e-002
1.490310719978787e-009	5.079394e-002
1.491310719978787e-009	6.221770e-002
1.492310719978787e-009	7.417808e-002
1.493310719978787e-009	8.665708e-002
1.495310719978787e-009	1.130968e-001
1.497310719978787e-009	1.413843e-001
1.499310719978788e-009	1.713321e-001
1.500000000000000e-009	1.819633e-001
